386
4.9798  126.492  5.20974  140.505 1.99973 0.25 5.00826 0
160.896  282.502  160.833  260.499 1.05488 0.25 0.793844 0
240.591  346.495  241.901  370.587 2.66993 0.25 18.9071 0
294.5  5.05018  43.5  5.05529 1.00511 0.25 138.064 0
71.6984  279.485  71.8491  271.45 2.59325 0.25 0.191784 0
12.8737  120.194  6.94567  112.954 2.95471 0.25 0.833216 0
194.795  298.501  194.763  315.5 2.52049 0.25 8.01856 0
40.5008  5.01914  6.49931  5.07459 1.05382 0.25 9.82474 0
113.876  296.491  114.185  309.531 3.11764 0.25 4.78622 0
138.209  264.515  139.117  220.492 2.85506 0.25 33.2838 0
216.775  349.501  216.817  337.501 2.02467 0.25 1.99796 0
242.889  330.297  240.397  337.802 4.42273 0.25 6.5832 0
76.5487  309.502  77.7212  280.428 2.67521 0.25 7.45496 0
170.52  314.066  146.479  314.897 2.03333 0.25 17.6515 0
194.512  269.5  195.24  291.509 1.39618 0.25 8.01856 0
61.5186  124.637  31.4679  123.989 2.86991 0.25 30.5176 0
315.567  4.21261  305.375  5.16649 3.98259 0.25 2.62758 0
156.498  300.105  168.503  300.048 2.52392 0.25 1.99796 0
215.916  264.511  216.579  239.529 2.39739 0.25 23.6721 0
186.498  417.933  201.503  418.019 1.07986 0.25 2.60002 0
331.597  257.075  318.137  259.34 2.60285 0.25 7.17347 0
77.596  278.502  77.9884  260.489 2.3915 0.25 2.62758 0
43.2358  367.211  36.3814  373.466 3.23822 0.25 0.275138 0
74.0151  356.049  87.4915  341.562 2.97983 0.25 18.2755 0
41.3772  139.618  56.0428  154.938 2.92034 0.25 19.4506 0
331.991  212.626  318.976  218.297 3.94864 0.25 5.8282 0
269.802  223.39  279.09  220.24 3.46702 0.25 4.28137 0
331.821  229.493  317.71  234.056 3.86277 0.25 2.13723 0
331.737  238.357  317.862  242.191 3.75414 0.25 0.684435 0
231.694  410.503  232.839  340.489 2.01608 0.25 73.041 0
304.553  250.854  291.253  252.864 2.81685 0.25 3.03188 0
331.515  284.471  318.488  284.275 3.19517 0.25 0.312132 0
304.661  234.978  290.869  239.628 3.18414 0.25 8.07052 0
107.114  149.534  106.483  179.542 3.81012 0.25 51.41 0
134.094  200.436  134.613  213.456 3.31636 0.25 12.233 0
331.64  248.193  317.985  250.957 3.72213 0.25 1.17303 0
144.195  296.492  143.686  315.532 2.62454 0.25 6.94393 0
312.448  231.497  312.525  252.5 1 0.25 0.191784 0
305.501  273.554  291.468  273.818 2.99947 0.25 3.70391 0
304.607  211.679  290.628  220.042 3.24903 0.25 9.99768 0
318.804  201.27  332.101  196.024 4.2842 0.25 16.6095 0
125.299  213.511  124.471  198.502 3.38121 0.25 7.30683 0
304.507  265.604  291.365  266.487 1.99326 0.25 3.80414 0
194.274  487.296  195.577  498.606 3.97373 0.25 13.091 0
280.478  222.458  268.611  228.849 2.38615 0.25 1.0713 0
331.767  221.254  318.013  226.126 2.82787 0.25 8.33673 0
214.682  395.405  225.71  397.239 3.28751 0.25 1.1763 0
223.546  390.929  212.457  390.041 2.47263 0.25 3.80414 0
331.52  275.351  320.456  275.61 3.61581 0.25 4.85885 0
239.408  416.41  233.478  422.479 3.59291 0.25 0.511507 0
305.441  258.044  292.401  259.732 2.24031 0.25 1.40566 0
331.822  332.147  316.006  328.378 2.56835 0.25 2.09185 0
116.947  351.567  115.726  341.473 4.09112 0.25 3.16496 0
170.394  401.243  178.517  400.862 4.94763 0.25 7.75569 0
283.311  241.594  269.095  244.563 2.25876 0.25 0.275138 0
317.321  312.097  331.817  316.441 3.5447 0.25 13.0461 0
302.533  228.583  291.327  233.068 2.22936 0.25 3.20208 0
19.584  171.405  29.2498  179.919 2.32353 0.25 3.6372 0
331.784  200.047  324.603  203.77 4.47166 0.25 1.7177 0
220.577  432.134  210.458  432.611 3.3734 0.25 6.81444 0
330.172  58.4979  330.05  77.5035 2.02565 0.25 7.17517 0
115.84  340.509  115.536  317.486 1.98663 0.25 13.684 0
216.433  473.517  219.036  483.62 1.96645 0.25 0.191784 0
304.592  242.854  291.2  246.349 2.69265 0.25 8.62062 0
324.671  211.992  331.846  209.492 3.16199 0.25 1.3959 0
146.813  462.525  145.933  473.535 3.62804 0.25 2.80537 0
177.509  395.816  169.487  396.034 3.10743 0.25 2.46172 0
304.563  288.575  289.633  287.557 2.83328 0.25 3.16496 0
292.706  235.282  303.043  232.564 3.56412 0.25 1.02569 0
307.152  191.921  286.716  204.194 4.11868 0.25 15.8365 0
117.93  366.546  119.017  356.448 5.29218 0.25 6.46197 0
330.951  88.4973  330.799  119.501 3.02459 0.25 27.7633 0
84.8907  255.484  85.4677  233.499 2.05178 0.25 0.763701 0
291.409  250.016  301.613  248.099 3.31778 0.25 7.4165 0
263.954  176.819  257.134  182.29 5.31473 0.25 2.90072 0
315.984  374.354  331.842  383.933 2.56784 0.25 2.80995 0
154.489  396.091  167.506  395.743 3.02563 0.25 5.59146 0
319.705  237.71  331.7  235.683 3.27754 0.25 8.94608 0
317.189  349.148  331.686  356.112 3.17262 0.25 1.68815 0
36.2551  335.002  26.222  339.935 2.26601 0.25 0.702397 0
263.906  224.498  264.068  253.508 3.02774 0.25 7.1664 0
318.401  263.942  331.539  263.109 2.99398 0.25 11.6309 0
217.512  486.253  200.455  485.438 3.13975 0.25 9.71776 0
216.835  239.637  223.818  237.58 3.72529 0.25 0.702397 0
305.496  249.447  306.243  263.514 1.99718 0.25 0.833216 0
30.8187  243.033  13.1903  235.197 3.85793 0.25 11.7671 0
210.499  386.989  223.504  387.022 1.99999 0.25 1.28827 0
329.209  23.4915  328.655  42.5336 3.3184 0.25 2.70733 0
38.0616  174.061  24.5135  163.483 3.17441 0.25 4.20728 0
206.523  441.368  189.51  441.019 2.24595 0.25 7.4165 0
166.527  486.441  145.515  487.034 3.33733 0.25 17.2137 0
318.507  254.875  331.522  254.62 3.03862 0.25 2.80537 0
250.602  193.62  332.9  123.135 4.121 0.25 98.0285 0
141.53  382.298  131.469  382.681 3.26371 0.25 1.0713 0
49.547  189.436  61.8199  198.428 2.5239 0.25 1.02569 0
280.552  285.653  267.54  284.849 1.98997 0.25 0.702397 0
143.512  473.701  123.496  473.809 3.09724 0.25 24.2742 0
144.509  487.501  142.904  498.701 3.96266 0.25 9.01883 0
166.533  461.636  147.491  461.934 3.98383 0.25 7.45463 0
168.264  498.575  169.354  487.486 4.46994 0.25 7.51481 0
169.875  451.613  169.222  459.559 2.98994 0.25 0.117151 0
294.688  128.495  295.041  142.537 2.87326 0.25 5.02296 0
306.343  25.5092  305.93  18.4747 4.22777 0.25 1.40566 0
32.4393  158.619  8.52767  146.446 2.28469 0.25 3.5997 0
289.068  122.471  288.755  105.477 2.29471 0.25 5.40367 0
317.112  340.33  331.669  347.14 2.96601 0.25 6.65535 0
194.53  424.374  187.508  424.185 2.57936 0.25 0.191784 0
189.49  433.194  204.54  432.685 2.03263 0.25 6.21238 0
187.497  451.57  169.486  450.871 2.26986 0.25 3.16496 0
299.672  8.07159  249.087  105.804 2.94545 0.25 102.506 0
124.494  395.891  137.506  396.077 2.05679 0.25 1.28827 0
146.497  474.17  166.505  473.964 1.18465 0.25 6.81444 0
169.452  382.199  179.542  382.887 2.47181 0.25 4.4062 0
306.806  70.4901  306.655  50.4988 3.9546 0.25 6.03943 0
9.81185  229.675  20.4284  233.689 3.63905 0.25 4.44782 0
148.497  451.103  167.504  450.947 4.13069 0.25 21.1315 0
165.439  425.025  151.504  425.601 2.57648 0.25 4.85885 0
297.856  141.505  298.015  130.507 2.11571 0.25 0.793844 0
331.747  341.803  316.534  336.404 2.22246 0.25 2.47765 0
152.513  418.056  165.502  418.425 1.97074 0.25 2.60002 0
203.531  424.732  195.464  424.409 3.19721 0.25 1.28827 0
278.893  145.501  278.866  157.501 3.00897 0.25 2.47765 0
316.111  77.494  316.209  87.5029 2.00975 0.25 0.191784 0
322.503  245.793  331.525  245.688 3.94157 0.25 0.495446 0
135.515  412.296  149.51  412.028 3.05682 0.25 1.43485 0
155.414  320.452  162.493  320.252 4.99801 0.25 1.7177 0
191.495  450.634  207.511  451.2 1.31691 0.25 1.3959 0
24.7465  162.15  6.60317  149.354 3.32007 0.25 5.05629 0
132.182  450.316  125.794  455.655 4.22577 0.25 0.823437 0
268.004  469.211  247.539  433.478 3.75454 0.25 52.9887 0
316.785  365.677  331.892  374.855 2.38016 0.25 3.16496 0
320.036  76.5057  320.152  65.4963 2.56325 0.25 1.3959 0
225.118  211.104  208.301  228.306 3.71958 0.25 16.4035 0
290.862  243.62  304.709  239.147 2.51794 0.25 3.03188 0
120.5  486.922  142.5  486.906 1.01471 0.25 0.793844 0
136.512  400.715  123.5  400.508 3.09474 0.25 8.94608 0
150.5  432.986  166.5  433.001 1.01457 0.25 2.60002 0
193.565  389.856  185.469  391.33 2.63061 0.25 0.191784 0
115.769  498.84  118.352  489.193 3.48362 0.25 7.17347 0
207.517  395.767  198.476  395.562 3.15823 0.25 2.46172 0
281.196  243.494  281.571  290.507 2.31903 0.25 5.9084 0
133.493  424.87  149.502  424.697 4.07541 0.25 1.32518 0
207.5  424.575  219.501  424.583 3.50259 0.25 9.22268 0
240.258  448.104  246.567  449.055 4.25332 0.25 0.261817 0
20.6097  150.235  29.0023  153.704 2.93259 0.25 0.833216 0
26.578  208.231  36.8717  211.22 2.72619 0.25 1.40566 0
290.331  303.005  305.324  308.025 3.48393 0.25 5.93545 0
145.253  262.447  145.646  275.526 3.32895 0.25 12.233 0
268.461  121.505  266.998  109.44 2.45978 0.25 0.511507 0
148.552  433.017  132.468  433.573 3.48161 0.25 17.6884 0
252.4  177.66  251.471  165.502 1.94803 0.25 1.99796 0
167.512  411.24  152.5  411.492 3.20066 0.25 10.0828 0
166.516  441.983  149.535  442.547 1.56429 0.25 2.60002 0
168.095  449.565  168.975  441.552 2.52807 0.25 0.191784 0
241.175  232.554  242.523  240.662 2.77388 0.25 1.99796 0
274.819  137.497  274.705  125.498 2.49986 0.25 4.4062 0
278.532  100.502  277.409  116.564 1.78336 0.25 0.833216 0
290.008  347.222  301.708  355.194 1.47923 0.25 0.191784 0
317.437  288.932  331.574  290.989 3.13095 0.25 10.0828 0
72.7031  70.9239  41.6015  5.97253 4.90337 0.25 86.1459 0
205.163  316.487  204.114  343.524 2.84269 0.25 6.49753 0
271.907  110.462  271.19  121.609 2.8634 0.25 1.92478 0
317.183  358.108  331.881  365.769 2.42406 0.25 11.0289 0
290.894  326.967  305.322  332.93 2.27255 0.25 3.32297 0
319.201  44.5089  318.814  31.4907 3.05815 0.25 0.312132 0
117.504  486.583  93.5007  486.677 4.00779 0.25 9.44391 0
305.073  18.8737  313.247  6.3352 2.98512 0.25 4.24435 0
48.9302  177.931  58.1798  184.924 1.82831 0.25 1.3959 0
95.4671  487.121  90.1588  498.799 5.62766 0.25 4.11034 0
102.358  262.523  100.832  253.28 3.78368 0.25 1.7177 0
117.493  418.103  132.503  418.273 2.1134 0.25 5.61032 0
289.577  213.655  303.189  206.875 1.7868 0.25 3.20208 0
243.195  483.584  240.434  473.518 2.0225 0.25 0.191784 0
243.747  122.628  247.871  114.693 2.73206 0.25 1.3959 0
275.883  469.841  281.052  479.195 5.71188 0.25 10.3652 0
22.902  406.867  6.43457  422.431 2.46826 0.25 0.744119 0
149.501  418.107  134.5  418.119 3.00962 0.25 9.01883 0
28.8137  419.514  27.9252  439.519 1.12016 0.25 1.3959 0
206.178  197.853  222.708  166.129 4.04679 0.25 37.9531 0
332.344  178.882  313.734  190.246 5.5895 0.25 20.5672 0
266.308  456.308  275.311  469.965 5.29402 0.25 18.0887 0
290.809  333.968  304.965  340.635 2.214 0.25 1.37335 0
193.535  321.532  173.489  320.802 1.99868 0.25 11.0289 0
195.899  214.771  200.575  207.873 4.72774 0.25 1.55785 0
202.944  254.508  203.152  269.505 2.05527 0.25 5.61032 0
321.234  97.1853  330.882  86.8569 1.68249 0.25 1.3959 0
129.508  441.868  147.521  441.476 4.04255 0.25 3.24614 0
236.84  143.551  238.359  133.479 2.17035 0.25 0.793844 0
303.094  445.473  302.091  498.511 2.88596 0.25 42.5814 0
146.616  460.511  147.495  451.5 3.1754 0.25 1.40566 0
233.102  187.818  213.168  212.05 3.99839 0.25 27.4495 0
140.307  309.53  140.757  297.472 3.33418 0.25 10.4268 0
134.553  411.692  120.492  412.32 2.90771 0.25 0.312132 0
285.663  424.763  281.782  412.411 4.47045 0.25 2.13723 0
113.356  450.303  124.604  451.198 4.06673 0.25 7.21001 0
162.69  320.066  171.559  318.989 2.83248 0.25 1.3959 0
281.391  479.224  290.51  493.188 5.46768 0.25 26.0878 0
208.381  222.4  232.609  193.591 2.93965 0.25 22.9901 0
298.5  2.59314  7.50002  2.45081 1.00049 0.25 159.805 0
74.3867  443.469  76.9954  433.908 5.87656 0.25 2.62254 0
209.388  202.432  233.766  162.057 2.60048 0.25 34.9777 0
291.283  313.086  305.226  318.241 2.3645 0.25 1.37335 0
299.129  498.609  298.24  487.441 4.14615 0.25 7.76568 0
103.651  134.913  72.7367  71.3848 5.24612 0.25 76.9658 0
281.234  208.083  275.411  211.79 4.75481 0.25 1.63242 0
150.836  300.52  150.355  308.491 3.11322 0.25 0.117151 0
174.467  225.293  186.567  224.964 5.16142 0.25 7.58493 0
204.039  242.287  201.814  257.546 2.9686 0.25 2.90072 0
227.484  401.009  216.464  400.67 2.02983 0.25 0.191784 0
269.675  59.0931  276.205  45.8475 4.96447 0.25 5.52416 0
288.778  49.6558  293.576  41.1036 2.4465 0.25 1.3959 0
317.359  332.814  331.632  339.206 3.0795 0.25 8.07052 0
204.928  497.628  202.652  487.466 3.14604 0.25 3.70461 0
311.513  451.07  308.33  443.572 7.36411 0.25 3.5997 0
171.773  300.496  171.693  314.501 2.00567 0.25 1.40566 0
94.8377  373.858  93.0134  365.389 6.15141 0.25 3.7627 0
101.607  284.467  101.095  267.482 2.27012 0.25 12.233 0
186.499  200.385  142.502  200.747 3.09055 0.25 62.1206 0
226.5  432.056  241.5  432.059 3.00182 0.25 0.222278 0
250.788  349.512  251.497  332.458 3.53758 0.25 13.8809 0
264.376  267.48  264.812  286.516 2.29728 0.25 0.203554 0
271.861  475.939  267.605  469.741 3.32001 0.25 0.117151 0
266.714  102.569  263.238  113.416 1.89336 0.25 0.191784 0
315.133  290.5  315.105  267.498 1.02688 0.25 0.793844 0
331.71  349.996  319.709  344.997 1.96214 0.25 2.60002 0
178.54  219.189  150.475  218.335 4.18051 0.25 34.1214 0
203.115  272.504  202.975  295.497 2.12149 0.25 14.0392 0
250.906  296.491  250.422  220.494 3.27354 0.25 106.586 0
282.961  196.882  276.51  202.512 4.79449 0.25 2.62758 0
121.944  471.785  123.802  462.362 3.52377 0.25 2.75833 0
287.439  499.127  273.744  475.946 3.16849 0.25 9.8777 0
312.258  439.019  317.603  447.434 4.29289 0.25 0.825646 0
326.23  5.23128  316.468  3.70628 2.6184 0.25 1.3959 0
122.645  290.727  124.047  277.452 3.71882 0.25 1.17303 0
243.412  239.495  243.25  304.497 3.08231 0.25 57.7482 0
252.449  140.504  251.23  124.445 3.4454 0.25 2.14201 0
284.977  66.4755  284.603  74.458 3.04346 0.25 0.117151 0
318.357  17.5393  318.867  6.42512 3.04266 0.25 8.01856 0
234.035  170.529  207.785  209.691 3.65046 0.25 25.8759 0
132.481  194.509  108.301  146.099 4.48964 0.25 47.3148 0
195.426  355.901  181.515  357.622 2.72124 0.25 1.1763 0
199.958  462.647  201.727  469.167 3.94252 0.25 0.261817 0
270.277  298.147  280.756  301.756 2.8996 0.25 3.70461 0
61.4876  363.422  50.4504  365.191 4.10782 0.25 0.721387 0
151.499  225.87  173.501  225.829 1.04047 0.25 0.191784 0
153.497  233.754  183.499  233.815 2 0.25 19.4506 0
264.518  484.638  248.273  486.759 3.66383 0.25 10.9076 0
262.513  389.175  259.654  371.475 4.48863 0.25 10.4572 0
96.0534  336.391  98.1048  346.776 3.34281 0.25 3.88866 0
275.047  73.4538  276.29  61.2745 6.27363 0.25 9.49951 0
302.905  428.831  308.996  439.781 4.56618 0.25 3.12519 0
205.996  234.021  234.688  206.697 2.20696 0.25 11.8749 0
259.589  444.772  274.609  446.611 2.47121 0.25 7.76405 0
163.498  239.152  180.501  239.192 2.00474 0.25 8.01856 0
219.301  242.51  220.566  268.497 2.48369 0.25 3.61668 0
298.343  481.537  298.831  470.559 3.18452 0.25 7.4165 0
291.167  320.301  302.674  325.081 2.07451 0.25 3.20208 0
121.89  361.229  126.997  349.721 2.94756 0.25 4.45534 0
326.661  8.04151  319.581  20.9978 3.51011 0.25 1.68815 0
55.9142  479.201  73.9981  443.734 4.89103 0.25 59.5452 0
131.493  425.148  115.479  425.481 3.24907 0.25 10.7415 0
273.45  487.421  272.8  479.558 3.48639 0.25 2.46172 0
203.501  344.434  192.487  344.244 3.08593 0.25 2.19478 0
236.486  137.744  108.48  136.325 3.94432 0.25 100.571 0
239.053  119.77  243.37  110.925 4.53589 0.25 1.34137 0
266.304  215.191  256.906  221.141 3.51942 0.25 6.59519 0
94.0286  388.595  93.5652  376.536 6.99484 0.25 11.4151 0
203.201  203.492  202.722  222.506 2.30195 0.25 4.14411 0
268.44  371.086  263.59  367.861 5.55004 0.25 3.12861 0
268.458  381.441  268.255  388.493 4.08434 0.25 1.40566 0
317.867  454.667  310.897  451.599 3.38203 0.25 1.28827 0
81.9081  431.824  83.5465  419.641 6.87944 0.25 7.47598 0
286.039  184.725  289.961  192.763 2.57319 0.25 0.117151 0
317.2  324.277  331.736  329.888 3.24069 0.25 8.87989 0
167.493  212.656  191.5  212.47 4.14757 0.25 11.8863 0
55.8134  499.183  63.8648  483.69 5.88991 0.25 13.2362 0
217.416  405.409  226.53  405.812 3.04122 0.25 5.00826 0
244.997  107.739  256.852  83.152 4.16576 0.25 31.387 0
301.025  405.969  295.038  399.956 6.37449 0.25 9.71776 0
97.506  473.236  75.4947  472.733 3.36455 0.25 20.5371 0
143.802  215.879  135.686  200.943 3.11342 0.25 9.16553 0
144.498  212.845  166.502  212.942 1.09254 0.25 0.191784 0
183.501  230.635  154.5  230.649 4.00871 0.25 17.0883 0
331.727  359.012  319.569  353.352 2.71977 0.25 0.495446 0
44.0108  498.787  47.0556  493.375 4.19464 0.25 1.87473 0
92.8968  484.207  97.7876  474.153 3.62122 0.25 4.70198 0
287.969  450.075  295.946  471.333 3.16188 0.25 5.0443 0
292.443  412.545  305.371  425.617 5.69594 0.25 8.71653 0
38.5313  120.029  61.5101  118.671 1.20135 0.25 5.00826 0
332.147  128.273  272.916  177.802 2.85682 0.25 48.5164 0
320.614  426.528  313.931  418.868 4.32896 0.25 14.0392 0
69.4934  484.42  92.4987  484.28 4.10981 0.25 11.8032 0
308.412  367.5  308.632  321.501 2.1149 0.25 39.5973 0
304.356  320.861  293.143  316.398 2.05688 0.25 0.702397 0
307.593  387.516  309.375  377.478 2.97817 0.25 0.511507 0
331.806  368.922  318.762  362.006 2.22558 0.25 3.12861 0
83.2097  418.414  88.8068  399.591 1.45042 0.25 1.87473 0
63.562  483.975  78.3101  450.968 5.59469 0.25 50.7604 0
103.637  431.338  89.5245  433.65 1.62023 0.25 0.191784 0
127.512  459.263  143.468  460.106 2.15541 0.25 0.275138 0
205.866  226.5  205.86  205.5 3.00446 0.25 10.5623 0
76.6442  473.953  69.7892  484.685 3.97979 0.25 3.25074 0
266.941  398.319  262.706  388.005 2.32051 0.25 0.702397 0
72.0733  163.59  69.3111  150.54 1.57786 0.25 0.191784 0
270.83  205.049  252.311  216.186 3.25402 0.25 3.64048 0
222.072  371.512  222.615  345.523 2.29164 0.25 11.9954 0
137.814  197.92  146.051  211.386 4.31514 0.25 3.14501 0
204.005  475.254  208.119  483.686 3.15656 0.25 1.40566 0
80.4199  446.461  94.1618  418.311 4.51444 0.25 49.7609 0
285.71  465.959  296.477  484.513 1.90383 0.25 5.26095 0
308.514  273.5  308.305  249.493 1.20868 0.25 1.99796 0
90.719  414.131  94.3562  406.432 4.94805 0.25 4.44782 0
116.598  146.453  120.509  154.496 2.90921 0.25 0.833216 0
206.886  266.519  206.324  248.474 4.30928 0.25 7.00329 0
328.588  13.5595  316.516  31.5107 1.14504 0.25 1.99796 0
58.4587  480.478  48.6772  498.596 2.16477 0.25 1.85918 0
180.507  188.865  202.516  189.113 1.97734 0.25 14.0392 0
89.3167  372.581  90.3124  362.581 2.39078 0.25 0.117151 0
331.807  378.009  318.874  369.904 2.23714 0.25 3.32297 0
191.832  266.491  192.414  288.502 2.1049 0.25 5.54927 0
265.183  80.8544  271.576  68.5394 2.58409 0.25 4.28137 0
177.506  245.242  159.493  244.814 1.38013 0.25 1.63242 0
331.631  301.478  317.478  299.67 1.96216 0.25 1.40566 0
327.712  497.364  322.616  489.426 3.68544 0.25 0.0988234 0
89.7877  227.269  98.191  237.748 2.29025 0.25 1.40566 0
134.494  121.421  197.504  121.814 3.24272 0.25 49.6259 0
306.585  405.599  308.145  388.468 1.99175 0.25 0.636636 0
331.691  396.226  318.237  386.878 2.17074 0.25 1.92478 0
56.4093  6.10889  74.2568  47.6046 4.06965 0.25 45.4767 0
74.0895  432.615  75.6106  411.508 3.76516 0.25 1.75677 0
223.466  254.597  222.132  240.347 3.05057 0.25 2.379 0
88.0018  304.537  89.3504  322.586 3.76534 0.25 7.53809 0
249.189  332.5  249.211  308.5 1.0161 0.25 1.3959 0
331.649  387.252  318.572  379.38 2.26943 0.25 0.0988234 0
209.469  117.926  221.551  118.807 2.43118 0.25 5.00826 0
14.7404  456.423  13.6843  439.426 1.55428 0.25 0.702397 0
213.438  121.788  226.504  122.413 1.80554 0.25 0.702397 0
17.982  26.8106  5.98826  6.80683 2.40399 0.25 0.715727 0
148.5  210.545  171.505  210.411 1 0.25 0.793844 0
109.701  490.049  105.68  497.167 4.46643 0.25 0.495446 0
283.962  294.505  284.232  269.497 1.23783 0.25 0.911213 0
110.623  119.234  133.61  120.482 5.04688 0.25 20.6555 0
151.49  223.119  173.5  223.471 1.24006 0.25 1.3959 0
5.09852  373.499  4.83492  498.505 3.14339 0.25 130.422 0
250.581  220.644  332.102  174.566 3.52019 0.25 99.6309 0
74.2492  48.0481  128.043  170.824 4.47297 0.25 89.5532 0
2.55167  6.49998  2.68606  422.5 2.06461 0.25 338.703 0
137.499  117.86  202.5  117.725 2.128 0.25 53.7863 0
229.663  350.083  257.464  452.595 14.052 0.25 98.7933 0
138.521  186.706  180.518  187.802 5.84136 0.25 45.9277 0
295.578  56.3953  209.353  196.41 6.16255 0.25 33.8945 0
254.164  220.49  253.638  292.501 2.46333 0.25 17.3621 0
312.525  189.491  310.514  412.509 2.18714 0.25 119.53 0
147.402  279.577  14.7727  390.631 5.0424 0.25 11.5271 0
47.761  74.952  18.6727  27.3944 2.76332 0.25 15.6042 0
4.56209  183.494  5.11652  369.504 3.48433 0.25 231.522 0
113.131  174.462  114.774  201.544 3.69 0.25 18.5846 0
233.768  249.504  230.001  486.667 23.013 0.25 80.1316 0
267.377  286.501  266.771  230.497 1.45455 0.25 30.0575 0
128.5  386.664  194.501  386.725 3.50277 0.25 5.28181 0
329.089  117.869  264.779  176.804 6.98425 0.25 116.468 0
221.96  340.305  262.017  441.09 14.0589 0.25 56.9404 0
14.8587  128.967  4.74887  266.518 13.3315 0.25 1.34283 0
308.406  316.498  307.76  77.5047 4.03511 0.25 51.4466 0
7.42392  139.647  32.8099  167.137 4.08026 0.25 2.92767 0
112.447  347.553  102.52  151.499 8.12883 0.25 82.5714 0
209.594  339.505  220.425  150.153 22.0762 0.25 105.059 0
63.1867  481.448  152.187  267.359 24.1837 0.25 164.112 0
10.309  110.65  35.937  135.041 3.58691 0.25 15.3411 0
97.9365  347.406  106.294  474.841 9.91312 0.25 47.0066 0
263.068  501.911  216.959  252.746 44.7318 0.25 18.9298 0
305.37  105.394  288.707  125.67 3.14378 0.25 9.4577 0
94.8144  200.562  60.0461  151.824 6.04601 0.25 0.196295 0
21.6767  404.626  46.8976  380.861 4.19878 0.25 33.2144 0
100.918  452.702  63.3824  158.959 29.3439 0.25 79.0322 0
135.535  176.54  132.126  350.591 8.29048 0.25 9.93692 0
87.2353  139.488  81.0133  278.523 3.26524 0.25 145.023 0
203.595  190.548  296.736  5.61154 5.0051 0.25 126.894 0
219.953  178.064  246.451  407.621 30.8353 0.25 114.977 0
236.38  237.544  246.705  498.571 15.6448 0.25 241.947 0
240.085  123.558  248.563  473.668 11.9723 0.25 50.6893 0
312.443  420.546  198.475  278.328 13.3243 0.25 67.4704 0
31.547  393.552  272.433  177.425 6.37854 0.25 37.8885 0
236.785  153.49  234.725  498.561 22.1071 0.25 125.668 0
124.515  373.571  126.301  246.553 10.9848 0.25 47.9311 0
4.58454  6.50787  7.96432  399.479 9.07707 0.25 219.934 0
