323
306.503  5.16988  261.501  5.05646 1.99999 0.25 41.7339 0
5.02421  148.494  5.27071  168.503 1.19701 0.25 3.80414 0
384.245  3.30154  347.769  11.063 6.09735 0.25 12.1956 0
369.034  77.3363  499.082  39.5008 5.42844 0.25 195.646 0
4.70925  5.50022  4.49028  218.501 5.16345 0.25 188.837 0
194.906  111.48  450.999  5.29113 5.00303 0.25 378.918 0
354.501  5.33729  313.496  4.99987 5.07389 0.25 23.5244 0
358.466  203.36  373.553  199.722 2.69191 0.25 4.14411 0
441.5  5.19174  385.499  5.12864 2.05972 0.25 54.9792 0
482.863  -1.60134  307.808  68.2718 8.34295 0.25 69.0507 0
45.8211  257.439  47.5275  238.413 2.46547 0.25 4.61496 0
78.935  226.181  83.4392  241.329 6.24305 0.25 6.86574 0
254.769  110.438  330.559  88.7053 3.13843 0.25 94.1865 0
332.77  87.571  344.528  84.6099 3.38335 0.25 7.17517 0
406.221  177.512  406.591  154.501 1.98367 0.25 7.5068 0
347.673  13.8156  194.535  97.5636 3.94832 0.25 66.1798 0
402.173  198.2  387.333  204.08 3.91174 0.25 10.1849 0
469.395  216.53  466.501  206.5 2.53056 0.25 0.261817 0
436.783  206.805  445.328  222.593 5.56676 0.25 15.7865 0
498.812  65.838  353.32  99.7278 3.64146 0.25 213.51 0
241.512  98.5318  486.972  5.11372 4.61849 0.25 384.489 0
363.925  226.115  360.446  204.191 5.92585 0.25 4.9087 0
357.256  142.943  392.602  146.477 6.06972 0.25 16.763 0
31.1475  175.404  20.2221  215.696 6.11765 0.25 19.1362 0
91.0539  263.933  100.394  295.131 6.04077 0.25 14.0766 0
5.85015  171.935  22.6096  182.323 6.91915 0.25 5.51047 0
461.561  204.003  436.685  207.024 4.69409 0.25 19.081 0
499.107  33.4913  365.062  74.3427 4.5733 0.25 217.771 0
309.499  199.534  287.492  198.717 1.99862 0.25 12.835 0
256.604  114.886  498.989  49.306 3.54361 0.25 281.5 0
36.4604  297.49  41.8283  276.33 4.36897 0.25 5.16099 0
313.253  131.779  344.443  137.794 3.17018 0.25 32.0535 0
32.4389  314.476  35.8489  305.847 3.82266 0.25 0.0988234 0
84.3521  241.542  90.1355  261.888 4.40426 0.25 14.8834 0
481.463  207.632  498.788  212.469 5.84733 0.25 3.61471 0
244.265  5.5214  220.47  2.75612 3.67256 0.25 25.2887 0
498.934  55.1981  263.695  115.263 4.5336 0.25 266.409 0
353.777  96.628  499.34  60.9262 6.06549 0.25 135.994 0
23.2814  168.863  12.6832  157.332 5.41357 0.25 4.40227 0
104.489  306.217  111.783  331.705 7.69444 0.25 11.1951 0
459.836  221.387  468.375  216.291 5.13827 0.25 3.84494 0
322.895  198.521  323.687  221.494 1.2061 0.25 4.4062 0
385.855  209.216  400.527  218.106 6.86734 0.25 4.19212 0
6.33021  228.432  3.70514  273.512 6.8719 0.25 21.6115 0
261.667  5.33642  251.419  4.54507 4.83117 0.25 4.36511 0
261.94  250.828  457.706  333.382 6.0501 0.25 203.882 0
483.12  224.469  481.465  244.579 3.89188 0.25 9.95694 0
25.4536  167.07  29.9599  175.339 4.3904 0.25 2.62758 0
297.097  166.116  306.282  187.035 10.4739 0.25 10.2859 0
242.555  225.779  137.319  246.585 4.03672 0.25 103.148 0
312.242  186.522  310.404  164.508 4.65183 0.25 15.217 0
317.154  218.508  317.326  204.486 2.01213 0.25 5.00826 0
421.861  332.841  259.945  255.665 8.62245 0.25 69.4921 0
13.4693  82.6484  41.4616  82.1843 5.93287 0.25 2.32462 0
320.356  231.001  273.494  244.479 2.89582 0.25 56.0879 0
260.151  120.509  262.75  221.494 5.02792 0.25 138.644 0
349.354  98.9138  265.333  119.828 3.9576 0.25 28.8158 0
498.851  236.658  489.275  257.949 5.47193 0.25 12.6264 0
364.521  74.5727  341.973  81.1272 4.12014 0.25 26.6329 0
365.531  181.448  367.471  145.498 3.5094 0.25 19.4879 0
312.535  161.5  312.584  152.495 3.01087 0.25 0.833216 0
27.4642  184.889  22.7684  169.794 3.33805 0.25 2.68968 0
203.029  89.4848  257.383  60.2815 3.85205 0.25 82.1408 0
242.844  146.494  242.582  177.501 2.11794 0.25 23.1927 0
266.997  54.4253  301.303  35.9939 3.68219 0.25 55.0107 0
391.792  146.508  392.227  185.503 5.15566 0.25 22.6706 0
307.614  68.7833  255.249  89.8779 3.16953 0.25 67.0837 0
343.104  13.822  354.791  6.99926 2.01662 0.25 1.87473 0
373.3  180.513  371.613  154.558 2.7741 0.25 3.64048 0
342.164  175.489  342.044  190.504 2.00791 0.25 6.21238 0
5.49334  280.666  4.50351  292.583 4.97598 0.25 4.11672 0
317.459  194.5  317.461  158.5 2.001 0.25 2.7881 0
445.463  152.208  459.615  150.396 2.97571 0.25 11.3133 0
310.605  213.043  263.627  222.155 2.90303 0.25 60.9577 0
366.212  183.467  364.924  194.664 2.86608 0.25 0.275138 0
43.5715  101.303  25.3597  102.925 10.0493 0.25 1.54077 0
341.506  81.5213  312.076  90.4064 3.93774 0.25 38.5437 0
59.6036  124.707  40.002  134.503 5.36706 0.25 10.3314 0
30.8977  223.604  9.51279  231.31 6.28904 0.25 10.492 0
218.098  30.9619  180.889  20.7195 5.22705 0.25 10.0782 0
21.4157  289.074  30.6524  265.56 4.28411 0.25 1.71596 0
264.386  175.067  288.561  168.733 3.61598 0.25 25.5302 0
461.486  150.29  484.478  150.709 4.18171 0.25 9.93764 0
94.2471  260.245  80.0351  218.659 6.00099 0.25 27.6053 0
409.502  251.562  396.485  251.879 2.09698 0.25 3.80414 0
43.9545  252.947  38.4158  258.415 3.96341 0.25 0.833216 0
332.444  242.592  384.462  245.252 9.75982 0.25 50.0999 0
375.813  198.981  381.067  212.276 4.08757 0.25 12.4923 0
13.672  313.56  19.0051  298.327 1.98256 0.25 5.40367 0
300.889  32.8991  276.924  17.3902 2.71779 0.25 29.4716 0
310.483  163.859  298.462  163.284 2.09339 0.25 2.60002 0
343.324  138.236  340.993  148.611 2.82842 0.25 1.97908 0
36.2927  215.369  45.4923  200.861 9.43378 0.25 10.286 0
499.116  44.7101  261.368  111.026 4.77042 0.25 220.717 0
383.57  169.507  384.793  156.434 2.07579 0.25 1.87473 0
494.75  268.441  472.569  263.208 4.69146 0.25 23.2092 0
486.529  148.308  498.56  150.101 3.5566 0.25 0.825646 0
334.443  138.106  325.202  139.446 3.80489 0.25 2.47765 0
310.992  90.279  240.982  109.626 12.9097 0.25 58.9969 0
90.0391  297.972  86.978  307.953 4.92062 0.25 4.88696 0
252.716  254.552  230.938  249.581 4.70513 0.25 0.432598 0
496.625  235.054  493.856  225.69 5.36186 0.25 1.16787 0
409.333  197.775  430.494  200.548 2.20625 0.25 0.721387 0
468.583  262.145  448.514  257.438 4.12267 0.25 13.0479 0
253.093  239.506  252.558  201.513 1.33757 0.25 21.2639 0
280.453  167.29  264.357  170.854 3.68221 0.25 11.3799 0
60.3279  62.1517  35.9174  55.7064 5.1439 0.25 14.9398 0
95.6713  60.8427  80.6494  56.9268 3.15524 0.25 10.7415 0
41.7814  220.562  41.0924  212.535 3.6564 0.25 0.833216 0
80.4899  197.1  115.503  196.846 6.08674 0.25 29.6705 0
336.136  227.157  320.386  233.204 6.38482 0.25 19.8262 0
444.668  333.419  343.96  289.744 4.68564 0.25 166.643 0
45.5221  146.903  24.4756  148.055 5.55392 0.25 1.23904 0
134.692  70.018  114.363  53.6699 6.38674 0.25 16.4055 0
23.6086  218.434  35.5862  219.653 3.67688 0.25 3.70391 0
498.543  175.19  482.495  174.66 2.80057 0.25 10.1292 0
10.1407  312.741  18.508  290.503 1.39161 0.25 5.40367 0
248.898  92.4847  199.835  112.327 2.66548 0.25 50.1432 0
384.503  251.766  295.492  252.861 6.28228 0.25 57.0704 0
95.0313  48.6813  77.9162  58.4804 5.70382 0.25 13.758 0
13.5065  215.491  23.7464  223.172 2.19997 0.25 1.87473 0
399.627  154.219  434.511  151.651 3.84235 0.25 32.6703 0
251.53  252.499  250.064  173.508 3.22214 0.25 53.1356 0
204.565  169.534  216.189  147.292 12.345 0.25 18.5752 0
266.497  139.333  304.489  139.478 7.04583 0.25 8.66287 0
133.511  247.613  208.179  332.66 6.74296 0.25 78.7732 0
48.4317  20.7763  72.4699  22.063 5.70379 0.25 3.64916 0
423.185  209.035  407.678  199.895 6.58407 0.25 2.53592 0
215.49  145.516  242.497  145.23 8.10544 0.25 17.462 0
373.457  238.691  361.6  236.049 7.16132 0.25 7.49556 0
189.375  39.7418  167.936  28.6566 5.29941 0.25 15.7514 0
411.995  215.548  428.253  206.918 3.24537 0.25 5.116 0
101.239  285.757  94.2574  251.55 5.11903 0.25 31.006 0
360.71  237.464  348.456  230.578 4.20766 0.25 1.21252 0
353.355  156.523  357.79  184.132 7.07 0.25 6.0125 0
463.659  270.873  471.378  264.355 4.90087 0.25 0.683953 0
112.495  194.499  114.347  181.478 2.52354 0.25 2.55342 0
321.633  225.998  338.495  221.483 2.9667 0.25 8.87989 0
118.925  318.839  104.379  294.161 4.10778 0.25 17.0835 0
19.8337  285.269  24.491  312.155 6.7266 0.25 6.57419 0
211.559  13.8542  195.344  16.5708 6.57331 0.25 3.70803 0
184.335  13.4809  162.931  9.88083 7.0689 0.25 12.4222 0
311.757  30.956  328.508  21.5148 2.45499 0.25 2.90072 0
346.54  177.528  347.043  141.522 6.2788 0.25 0.927695 0
6.76619  314.123  2.4726  322.486 2.58228 0.25 0.793844 0
265.326  201.461  310.503  205.472 4.56178 0.25 41.6171 0
62.3811  74.1304  26.4964  75.3969 7.64232 0.25 13.8345 0
32.0184  260.074  37.9822  244.304 3.4216 0.25 1.18886 0
256.091  14.4999  256.082  58.5001 1.00912 0.25 14.0392 0
264.359  117.954  345.624  96.9796 2.12476 0.25 76.3788 0
86.5545  265.652  57.669  279.804 7.56977 0.25 9.05319 0
241.448  177.339  203.5  189.5 4.60345 0.25 21.8284 0
343.412  292.697  432.995  332.632 1.50553 0.25 44.6531 0
37.8208  215.522  38.4934  236.5 1.40232 0.25 4.22561 0
202.684  191.82  139.132  196.86 9.73154 0.25 17.6865 0
282.568  187.004  267.578  184.936 4.09913 0.25 2.6326 0
201.186  184.658  199.588  171.369 6.1139 0.25 7.94008 0
273.476  244.95  331.477  244.041 7.6387 0.25 21.8737 0
491.417  184.144  476.282  182.199 2.3219 0.25 9.22268 0
313.206  194.571  311.212  186.328 3.62299 0.25 1.0713 0
409.103  155.517  410.759  193.619 5.51675 0.25 16.7631 0
29.3676  68.3857  17.4837  66.6094 3.55835 0.25 1.34137 0
161.53  184.845  191.47  185.181 7.89857 0.25 6.79109 0
385.429  244.15  402.443  246.017 3.63628 0.25 1.24365 0
242.498  11.5197  227.351  9.83688 6.07373 0.25 5.47072 0
434.587  182.529  434.85  163.491 3.11005 0.25 18.863 0
187.57  207.374  79.7025  216.025 5.67074 0.25 57.3927 0
303.346  139.112  310.48  138.319 3.25441 0.25 0.702397 0
105.345  292.507  104.305  270.509 5.23056 0.25 7.83216 0
198.505  170.171  77.5053  168.177 2.36712 0.25 85.4472 0
114.574  57.0608  99.1695  54.45 5.78179 0.25 9.39035 0
437.841  160.503  437.98  144.495 2.06076 0.25 5.40367 0
36.6502  52.2499  22.0955  43.5085 4.80121 0.25 1.05835 0
497.1  286.663  495.321  271.404 2.6256 0.25 1.43485 0
425.805  246.631  410.062  250.874 10.1419 0.25 24.3992 0
498.512  152.806  445.474  154.805 2.29985 0.25 39.9883 0
121.083  332.182  114.7  318.922 7.04063 0.25 8.66817 0
42.8558  68.2676  54.7437  62.0532 6.28417 0.25 3.95566 0
264.989  128.499  264.936  148.501 2.01056 0.25 12.233 0
291.819  194.525  293.789  169.444 2.99078 0.25 27.0038 0
292.56  167.498  292.544  148.499 4.01309 0.25 20.0092 0
315.384  152.498  315.082  174.508 1.3014 0.25 3.80414 0
115.758  200.889  76.9811  208.091 10.492 0.25 5.42717 0
294.539  253.55  269.5  252.511 3.78495 0.25 9.42089 0
153.967  37.8267  183.249  42.9371 8.72679 0.25 30.788 0
257.143  212.499  256.925  115.499 2.0403 0.25 86.2896 0
49.6285  193.912  68.0794  188.153 3.33823 0.25 0.869493 0
134.285  193.533  159.552  183.185 9.25408 0.25 4.16744 0
133.994  85.2216  122.429  71.7052 4.11901 0.25 7.99962 0
344.34  221.5  344.37  178.499 2.02165 0.25 19.3291 0
195.492  7.55338  212.543  10.2271 4.66784 0.25 1.68435 0
264.512  190.017  284.499  190.532 2.07595 0.25 1.43485 0
276.923  18.4419  258.13  10.9255 10.3995 0.25 9.07345 0
339.495  229.475  357.416  226.06 3.13417 0.25 0.715727 0
9.60794  58.0348  33.2504  53.2633 5.15298 0.25 4.09836 0
287.732  157.516  287.393  141.481 4.23167 0.25 3.7475 0
21.8236  75.0276  8.6565  73.3043 6.68126 0.25 0.36818 0
76.5067  165.699  202.49  166.748 3.12479 0.25 105.919 0
294.547  282.406  352.605  311.289 4.97165 0.25 2.4165 0
498.133  255.516  497.466  281.499 2.38432 0.25 0.779716 0
98.471  64.6463  96.3212  49.5254 4.10093 0.25 3.1106 0
242.041  247.49  242.518  226.478 3.36206 0.25 17.2137 0
376.76  252.395  456.803  271.212 9.85429 0.25 41.822 0
454.423  275.798  421.546  267.321 1.49806 0.25 10.7415 0
213.214  36.562  197.659  57.8869 5.37948 0.25 6.79545 0
110.494  176.062  172.523  175.275 5.20262 0.25 44.9755 0
226.427  26.4092  247.514  9.51741 3.28127 0.25 4.90672 0
445.602  143.404  444.831  150.642 3.5073 0.25 1.87473 0
403.415  156.47  403.052  169.515 3.11014 0.25 6.73095 0
200.55  59.4987  200.57  89.4987 4.00521 0.25 17.5659 0
42.4019  199.599  44.6173  179.403 2.01342 0.25 1.34137 0
65.5414  106.456  52.1241  93.8365 4.45724 0.25 3.51123 0
185.149  26.5214  196.475  34.0292 5.54406 0.25 7.97044 0
79.2709  236.477  53.2332  242.309 4.69139 0.25 3.63396 0
230.986  161.213  239.923  155.12 3.86823 0.25 1.43485 0
31.2858  57.5373  42.8409  71.063 3.45419 0.25 5.116 0
46.561  94.3724  57.3863  104.558 2.09846 0.25 1.97908 0
432.528  155.293  410.52  156.064 2.13889 0.25 11.249 0
327.004  19.877  317.162  11.9183 2.96152 0.25 6.01579 0
221.419  165.273  240.42  167.263 1.73349 0.25 5.40367 0
263.225  244.694  311.12  228.384 5.78191 0.25 53.1612 0
263.075  5.58597  302.996  30.712 3.07164 0.25 26.8015 0
416.163  143.277  464.368  138.24 8.74337 0.25 17.9779 0
73.5056  168.257  27.4839  167.197 1.97645 0.25 34.5578 0
441.477  291.484  452.025  276.173 3.75115 0.25 0.599697 0
452.5  170.501  498.52  171.796 2.30864 0.25 40.3936 0
109.039  81.8913  125.83  87.5148 4.12848 0.25 8.0393 0
400.084  332.346  346.308  305.89 2.82128 0.25 46.1484 0
192.628  112.53  192.073  96.4457 3.03274 0.25 6.96671 0
371.758  272.486  353.199  267.756 2.8958 0.25 4.20728 0
120.503  257.56  104.493  258.355 1.29528 0.25 0.191784 0
58.4298  283.229  91.3316  274.713 6.24708 0.25 1.11857 0
256.692  252.508  256.411  222.501 1.53739 0.25 5.61032 0
453.493  162.086  482.502  161.588 1.39526 0.25 13.091 0
163.333  134.722  139.158  139.905 5.23929 0.25 3.08656 0
345.769  8.95579  334.104  15.8285 2.73842 0.25 1.92478 0
498.543  142.478  447.465  144.704 3.08424 0.25 64.7957 0
182.625  47.1091  200.487  43.4365 9.82259 0.25 15.0398 0
111.477  208.266  133.487  208.932 3.08942 0.25 0.53443 0
121.131  245.039  103.261  249.554 3.66381 0.25 0.0838567 0
188.482  136.6  178.501  136.438 3.03206 0.25 1.40566 0
88.6636  90.5949  118.415  95.9715 6.17706 0.25 11.907 0
57.5261  95.3809  91.4334  102.804 4.76291 0.25 27.1743 0
320.549  6.17361  332.438  15.5786 2.37791 0.25 5.437 0
54.4975  204.481  75.787  201.685 2.75147 0.25 1.21252 0
242.432  144.5  242.378  123.503 3.03657 0.25 10.1849 0
57.6216  304.903  88.1633  295.701 6.88644 0.25 8.14973 0
265.673  123.454  311.898  131.093 4.99203 0.25 16.2488 0
252.553  25.408  239.009  17.616 4.69409 0.25 1.10748 0
356.777  266.974  377.965  254.586 4.88737 0.25 3.89312 0
57.3801  235.62  73.6236  233.407 1.70246 0.25 0.261817 0
196.935  20.8847  218.703  26.7476 4.51919 0.25 6.1042 0
189.511  312.511  165.478  324.455 3.38381 0.25 0.0724736 0
250.5  172.5  250.5  111.5 1 0.25 24.2742 0
253.5  194.5  253.5  150.5 1 0.25 14.0392 0
345.453  135.717  274.502  120.493 2.01895 0.25 34.2908 0
351.917  220.29  349.458  203.654 4.68827 0.25 1.32431 0
428.343  331.854  402.535  320.421 1 0.25 1.28827 0
472.596  279.157  492.441  284.711 3.46724 0.25 4.56639 0
25.479  164.388  74.5225  165.549 2.76231 0.25 49.5766 0
287.469  201.206  309.515  202.161 1.26259 0.25 0.261817 0
162.557  225.839  193.53  220.679 5.09666 0.25 6.43177 0
375.542  231.359  359.753  226.653 5.6486 0.25 2.0087 0
109.91  268.75  140.48  258.44 2.91014 0.25 2.66365 0
204.45  124.832  231.436  128.92 3.8051 0.25 1.11178 0
481.472  158.8  452.478  159.964 2.95746 0.25 5.25267 0
29.5193  111.071  63.5481  109.92 6.06423 0.25 11.9469 0
89.4047  239.18  128.239  227.623 3.88025 0.25 4.80078 0
258.269  212.537  259.437  251.532 1.98824 0.25 10.0024 0
370.5  197.5  370.5  174.5 1 0.25 1.3959 0
462.455  225.818  368.482  212.626 4.48086 0.25 27.8431 0
219.487  122.593  191.479  122.991 4.12769 0.25 1.54709 0
116.402  153.017  128.513  150.566 2.7535 0.25 2.75833 0
483.498  252.748  472.499  252.648 3.57268 0.25 1.37335 0
97.3141  242.835  112.523  238.582 1.31179 0.25 0.191784 0
427.566  241.182  377.455  230.718 1.71019 0.25 27.9067 0
353.384  311.737  393.53  331.44 1.43763 0.25 3.5908 0
192.57  198.23  234.569  194.221 3.55651 0.25 5.60711 0
489.259  303.318  498.895  306.162 3.55339 0.25 1.1763 0
136.261  241.953  160.457  238.219 5.39903 0.25 9.5765 0
147.227  144.038  170.386  141.468 6.33485 0.25 6.53728 0
128.53  147.717  115.365  149.508 2.65571 0.25 1.37335 0
310.032  36.4929  309.65  61.5176 1.98449 0.25 7.51481 0
425.292  317.375  439.363  294.02 4.60225 0.25 2.33086 0
252.426  53.5001  252.4  26.5001 1.01674 0.25 3.80414 0
368.501  216.493  461.482  232.605 3.21923 0.25 51.9623 0
182.699  142.524  199.413  145.926 2.25754 0.25 1.92478 0
208.404  228.948  240.647  223.348 3.03852 0.25 7.31366 0
254.488  150.5  254.721  203.499 1.23304 0.25 19.4577 0
464.861  220.558  466.494  238.409 1.76083 0.25 1.97908 0
309.611  28.6049  311.629  7.22901 5.69153 0.25 24.7027 0
476.822  266.002  472.13  278.36 3.83498 0.25 0.203554 0
254.5  225.5  254.5  251.5 1 0.25 3.20208 0
208.5  212.487  241.499  211.48 3.28364 0.25 10.9591 0
203.505  112.471  239.573  119.102 2.92855 0.25 21.5364 0
279.686  195.431  264.686  198.431 2.44199 0.25 0.38966 0
260.591  266.312  293.561  282.375 1.20407 0.25 13.091 0
240.499  203.465  216.49  204.125 1.02672 0.25 2.60002 0
303.96  110.877  371.628  130.049 4.65016 0.25 5.54896 0
464.825  139.245  498.916  136.282 8.0992 0.25 84.3342 0
163.524  210.995  186.468  209.861 1.40559 0.25 0.275138 0
316.474  266.443  339.323  256.108 1.56055 0.25 2.26076 0
426.522  163.064  411.459  162.29 2.51056 0.25 3.89898 0
177.062  146.282  185.101  143.39 3.35371 0.25 0.261817 0
463.497  235.515  386.545  222.241 1.83748 0.25 24.8087 0
177.565  240.821  200.432  236.168 1 0.25 0.117151 0
350.474  285.459  368.249  274.108 1.83307 0.25 4.70198 0
62.5008  170.386  85.4996  170.552 1.00719 0.25 0.191784 0
84.4925  174.357  108.531  173.096 1.63074 0.25 4.70198 0
448.502  2.81164  6.49844  5.21323 3.92906 0.25 525.522 0
47.4667  179.515  196.499  174.472 3.38139 0.25 173.403 0
191.494  177.338  48.4972  182.422 1.79217 0.25 100.217 0
109.487  204.211  192.59  200.559 6.7899 0.25 46.9815 0
240.039  118.053  368.389  77.1525 9.18238 0.25 27.6685 0
397.158  208.448  396.515  138.509 10.0363 0.25 22.0505 0
167.882  20.4102  216.632  36.1828 7.86346 0.25 16.461 0
309.507  135.465  191.369  113.197 5.55787 0.25 14.52 0
337.962  148.5  337.978  219.5 4.99847 0.25 27.8105 0
323.806  164.455  321.934  193.592 5.5389 0.25 23.0603 0
229.553  188.805  47.1093  220.493 16.8788 0.25 7.5276 0
151.558  17.2414  177.562  16.3808 4.72879 0.25 1.78148 0
333.386  221.535  332.187  149.522 8.19864 0.25 23.7452 0
466.694  252.632  393.137  244.994 15.0883 0.25 222.99 0
