364
1674.48  915.922  1683.04  747.951 11.2365 0.25 5.33281 0
11.7463  739.903  220.302  746.599 35.9712 0.25 2.09302 0
538.546  1596.59  595.262  1735.57 12.559 0.25 0.277678 0
852.249  308.281  971.204  203.099 10.51 0.25 1.61281 0
2108  564  2108  732 8 0.25 0.516328 0
844.639  1811.26  589.208  1833.73 57.8877 0.25 0.277189 0
3892  380  3892  196 8 0.25 1.72045 0
1180.27  1364.01  1168.67  1708.16 10.9598 0.25 6.06592 0
2255.63  1027.91  2270.62  324.226 32.3426 0.25 1.83532 0
37.9464  522.609  533.973  566.303 11.0885 0.25 13.3657 1
937.619  1510.06  935.097  1666.02 5.48591 0.25 9.72699 1
13.9694  102.259  125.83  115.44 6.78108 0.25 2.24366 1
1524.37  1411.21  1594.29  1433.08 8.25849 0.25 1.08015 1
2912.4  589.954  2918.13  390.119 8.35833 0.25 0.611386 1
879.48  15.1733  815.431  95.9632 8.65093 0.25 2.97415 1
539.205  650.054  532.568  798.115 5.4546 0.25 1.72012 1
1203.22  899.005  1193.39  1306.96 4.02288 0.25 156.999 2
185  15  107  15 2 0.25 5.2287 2
1411.52  1199.01  1406.57  1381.04 3.29264 0.25 71.0946 2
14.2017  480.996  15.123  755 2.48416 0.25 71.6966 2
370.775  923.017  370.163  842.991 6.61173 0.25 16.5987 2
1567.22  1703  1562.77  1945 3.13218 0.25 56.509 2
1549.92  1860.97  1552.5  1778.98 5.05584 0.25 9.84804 2
3010.35  1953  3010.23  1741 2.11461 0.25 49.4204 2
3948.71  326.995  3949.67  631.004 3.72865 0.25 82.9653 2
2979  1005  2979  895 2 0.25 12.8332 2
982.262  204.441  1112.49  90.422 7.90466 0.25 37.2012 2
604.619  1881.14  825.196  1835.95 5.87793 0.25 53.5883 2
3978.41  18.9999  3978.4  133 2.01177 0.25 19.9195 2
1825.05  947.781  1651.05  959.744 3.22992 0.25 49.3308 2
15  55  15  109 2 0.25 1.85768 2
867.411  715.969  963.141  675.331 6.14727 0.25 15.4233 2
3977  19  3977  131 2 0.25 19.3174 2
1631  14.955  577  14.9124 2.0293 0.25 302.286 2
1336.09  1601.03  1327.44  1957.01 4.63045 0.25 103.314 2
1693.41  880.964  1692.41  924.987 3.36227 0.25 2.92457 2
615.77  1767.66  592.581  1794.64 3.88708 0.25 2.17309 2
871  17  561  17 2 0.25 78.1821 2
1714.92  951.702  1770.97  948.436 2.36435 0.25 1.53986 2
2115.03  517  2113.53  432.991 5.92772 0.25 4.36645 2
1604.63  1277.13  1581.07  1307.06 5.09715 0.25 3.18822 2
308.998  16.22  17.0004  17.1278 3.65181 0.25 75.2803 2
964.656  807.055  967.04  735.001 4.06395 0.25 6.86624 2
2275  16.957  2153.01  16.1271 2.44893 0.25 21.474 2
16.5453  18.9874  17.1793  96.9985 2.04869 0.25 8.34311 2
665.239  201.262  765.27  215.039 5.05412 0.25 16.8021 2
1236.05  869.027  1237.73  803.019 2.6927 0.25 3.47505 2
711.304  1851.38  608.934  1864.49 4.93519 0.25 9.15433 2
2922.61  220.996  2923.15  161.001 3.01796 0.25 2.92457 2
3729  12.7484  1851  14.6618 1.15079 0.25 214.875 2
2107.29  1119  2104.41  1352.99 2.3195 0.25 49.4743 2
881.452  301.504  1051.32  149.357 10.2853 0.25 13.7845 2
553.964  1615.42  608.036  1747.84 8.48556 0.25 0.219747 2
484.423  847.062  289.354  837.469 7.05777 0.25 575.549 3
225.791  220.27  205.344  371.94 26.2115 0.25 677.402 3
193.807  444.354  282.547  453.017 21.6044 0.25 385.047 3
1629.24  330.467  1612.72  958.558 7.23278 0.25 1254.25 3
276.377  294.971  282.327  195.549 13.0618 0.25 313.152 3
3869.05  32.4844  3871.19  244.483 5.18995 0.25 515.656 3
3861.27  1958.5  3861.87  21.4995 12.4101 0.25 7438.5 3
1825.5  1074.59  1531.5  1073.18 6.11965 0.25 660.846 3
3898.92  32.5043  3898.65  246.505 11.2148 0.25 701.448 3
1253.07  1084.07  1258.77  1171.94 25.8631 0.25 294.874 3
487.36  1038.8  495.743  844.252 17.63 0.25 1265.54 3
3880.01  246.499  3879.7  32.4952 5.08937 0.25 621.358 3
1788.4  1170.53  1782.11  1350.66 9.95591 0.25 788.697 3
592.276  1799.85  616.912  1956.59 7.4483 0.25 288.961 3
3718.34  1958.52  3721.74  333.507 21.7917 0.25 3886.22 3
2013.6  93.6842  1863.83  171.212 5.72531 0.25 352.096 3
233.881  743.833  316.176  882.574 27.8891 0.25 51.6481 3
1859.3  182.101  2105.1  56.7069 3.47029 0.25 330.144 3
1396.55  436.531  1380.72  974.506 4.2433 0.25 958.369 3
1589.3  966.536  1602.12  321.532 5.09837 0.25 1309.47 3
3763.99  309.496  3759.65  1958.51 6.89332 0.25 5608.37 3
3763.14  316.497  3759.71  1956.5 5.83725 0.25 4921.81 3
3775.82  294.502  3773.04  1958.5 4.71909 0.25 3758.89 3
3767.32  307.501  3764.34  1940.5 3.28033 0.25 1863.32 3
588.791  1070.57  604.416  535.498 8.52976 0.25 1195.47 3
1355.5  1329.5  1361.22  1038.49 2.92078 0.25 286.089 3
1360.51  1390.5  1365.96  1060.51 1.66994 0.25 109.003 3
1114.55  486.57  1130.33  23.3919 13.8972 0.25 331.193 3
964.555  875.483  960.987  1073.51 5.12529 0.25 99.2552 3
991.769  329.405  972.705  1074.53 10.888 0.25 1119.23 3
961.436  865.498  955.57  1025.58 7.43993 0.25 108.096 3
978.898  679.472  971.971  1076.51 5.33679 0.25 560.027 3
943.716  1223.51  941.678  1259.57 5.59536 0.25 10.4371 3
962.088  865.462  958.988  1064.49 11.36 0.25 90.9456 3
593.578  533.664  22.4912  480.595 3.19995 0.25 847.717 3
1813.43  1515.52  1359.73  1394.64 9.27845 0.25 825.624 3
1536.22  1805.45  1548.53  1514.63 8.19734 0.25 178.955 3
1846.94  120.352  1325.91  387.352 7.63042 0.25 443.582 3
1371.56  1470.5  1368.35  1677.5 2.69746 0.25 89.9576 3
1575.61  1801.59  1579.81  1749.52 4.72359 0.25 11.0066 3
1573.79  1946.49  1574.43  1907.48 2.96721 0.25 7.17784 3
1367.49  1043.5  1589.51  1041.04 3.75618 0.25 96.5741 3
530.93  848.431  521.823  1054.6 6.5444 0.25 569.31 3
2973.55  1580.43  2965.43  1940.54 15.1456 0.25 220.111 3
1133.56  197.471  1124.73  482.538 5.55915 0.25 496.625 3
398.238  932.763  401.6  846.504 13.7033 0.25 358.608 3
385.857  932.217  392.454  847.341 11.2098 0.25 6.32691 3
538.411  1054.53  541.711  852.454 10.3201 0.25 611.341 3
1572.03  910.588  1586.49  328.45 13.0118 0.25 1370.87 3
1609.06  1543.5  1608.1  1756.5 2.2317 0.25 36.832 3
1811.99  1559.33  1580.44  1494.7 5.08662 0.25 571.871 3
3085.38  1734.48  3098.36  220.464 19.1339 0.25 2042.77 3
1067.24  1873.74  940.301  1793.65 21.7171 0.25 0.521341 3
3200.48  1781.49  3199.05  1958.52 3.81353 0.25 198.376 3
3209.45  349.493  3199.61  1749.5 6.38708 0.25 2962.95 3
2919.73  22.4899  2895.12  1889.47 6.43709 0.25 3019 3
3124.31  1452.52  3137.38  257.488 6.24837 0.25 2393.42 3
3121.77  1729.5  3123.94  1555.52 4.71042 0.25 167.867 3
3138.66  1746.5  3152.25  257.489 8.12018 0.25 4199.83 3
3160.08  1301.5  3169.34  420.498 3.26026 0.25 620.441 3
1025.37  808.401  1085.28  728.587 6.22914 0.25 151.64 3
3190.98  1958.52  3202.33  341.471 10.915 0.25 3337.67 3
3980.62  383.503  3986.68  1957.5 3.58059 0.25 2557.11 3
2995.42  1414.53  3011.7  24.4907 7.75101 0.25 1308.54 3
984.531  1691.47  1013.34  835.461 8.7521 0.25 1261.65 3
3086  1958.5  3097.03  257.465 19.4372 0.25 1995.41 3
3125.55  265.473  3118.17  806.536 5.84953 0.25 1565.14 3
3162.25  563.498  3151.92  1958.51 9.25839 0.25 2105.9 3
3767.67  1506.5  3771.1  297.51 9.83319 0.25 383.772 3
2946.34  1944.51  2944.53  1602.49 9.09499 0.25 543.384 3
1353.83  1018.51  1342.24  1499.49 1.32416 0.25 200.356 3
1365.27  565.494  1354.91  978.485 2.09969 0.25 342.132 3
1593.61  333.502  1581.22  890.494 1.42243 0.25 34.9651 3
1314.61  1958.68  1353.16  403.566 15.0393 0.25 895.913 3
3953.05  1743.5  3948  342.498 4.98239 0.25 709.016 3
1691.01  928.486  1692.44  880.528 5.81925 0.25 129.545 3
3648.5  17.5  3232.5  17.5 1 0.25 234.059 3
418.024  40.1686  430.71  21.95 4.60164 0.25 19.6867 3
366.807  23.4926  384.114  28.7667 4.5734 0.25 13.079 3
353.247  18.202  338.11  31.0407 2.81893 0.25 3.72294 3
1648.46  931.067  1688.45  927.009 9.87714 0.25 222.018 3
357.518  160.308  331.467  157.855 1.65184 0.25 10.6948 3
3975.8  144.499  3975.5  23.4975 6.24424 0.25 441.478 3
3983.77  23.4985  3983.54  139.5 3.20442 0.25 187.98 3
358.943  55.45  400.368  79.7255 8.41895 0.25 89.4884 3
362.522  208.45  360.293  162.607 8.55223 0.25 147.518 3
19.5  646.5  19.5  749.5 1 0.25 45.6142 3
1160.64  712.949  1227.83  774.036 15.0677 0.25 91.1712 3
199.647  743.954  233.512  750.438 12.8302 0.25 41.72 3
1084.69  725.693  1160.06  712.92 12.0644 0.25 83.4385 3
1014.3  837.392  1037.46  795.589 8.66467 0.25 104.916 3
1832.56  952.286  1711.45  960.824 2.86477 0.25 97.8369 3
2985.39  1010.5  2984.37  971.477 3.73734 0.25 38.8506 3
826.712  1832.03  711.132  1848.06 13.6425 0.25 32.6878 3
1096.15  1924.15  1070.67  1895.35 8.41632 0.25 4.25969 3
1338.44  1923.48  1358.78  1049.51 3.11676 0.25 35.0857 3
1827.24  1138.36  1825.18  1157.47 3.22619 0.25 8.04898 3
1826.37  1638.41  1821.53  1868.58 7.46215 0.25 110.057 3
1837.47  1084.43  1833.05  1348.44 13.4282 0.25 580.236 3
1849.5  296.469  1837.16  1079.43 11.1186 0.25 971.796 3
3906.62  748.5  3906.96  1184.5 2.14203 0.25 334.748 3
2984.77  249.503  2971.76  1366.54 6.56416 0.25 114.091 3
3741.34  339.494  3737.52  1790.51 16.6101 0.25 4252.7 3
1417.24  1324.49  1420.75  1208.51 1.27175 0.25 34.7017 3
1144.05  69.0706  1191.35  23.3138 7.18738 0.25 46.0798 3
1332.44  402.446  1845.57  141.675 13.7078 0.25 627.604 3
1237.4  773.777  1209.33  1878.57 19.4275 0.25 312.853 3
4030.5  21.2408  3968.5  21.3847 6.0812 0.25 181.255 3
428.864  15.8746  410.041  35.0313 11.276 0.25 20.0565 3
384.502  19.9591  367.502  20.0239 5.01902 0.25 7.1587 3
417.88  44.785  435.279  21.5843 6.20036 0.25 46.2558 3
1693.78  933.536  1695.29  880.466 4.88109 0.25 82.4636 3
3639.5  20.5448  3232.5  20.5893 5.0445 0.25 1210.36 3
360.127  16.9068  337.375  36.5156 7.91381 0.25 25.8686 3
345.673  45.988  361.396  20.5792 10.5664 0.25 23.8445 3
366.268  27.3171  391.495  30.5414 5.46678 0.25 13.0782 3
1648.39  935.253  1691.42  931.536 5.33874 0.25 78.5223 3
524.325  1360.53  507.373  1374.09 5.93338 0.25 13.868 3
339.252  35.0074  345.034  45.6678 7.46249 0.25 3.79771 3
3986.91  23.4983  3986.56  146.503 6.98269 0.25 351.808 3
412.296  61.0298  379.109  58.3547 17.2338 0.25 7.95266 3
331.497  158.499  329.708  167.919 7.01398 0.25 3.45371 3
1636.5  21.5365  580.5  21.4736 7.04193 0.25 945.164 3
1417.03  1390.52  1422.45  1216.47 4.53554 0.25 364.305 3
362.437  162.432  333.434  160.473 5.72971 0.25 42.3233 3
501.273  1382.01  528.028  1369.49 9.48096 0.25 7.97195 3
1417.53  1216.48  1416.35  1313.5 3.01194 0.25 100.292 3
759.769  1258.49  759.51  1275.53 5.15146 0.25 8.18229 3
768.862  1269.89  762.12  1258.73 5.31366 0.25 2.84757 3
762.114  1277.27  767.064  1269.04 5.15721 0.25 0.285581 3
379.878  53.4788  362.03  45.3374 6.68783 0.25 16.7494 3
21.2213  481.5  21.4894  758.5 5.22068 0.25 672.98 3
3979.08  141.501  3979.19  23.4988 3.89464 0.25 153.554 3
399.354  81.6058  414.76  79.0985 6.88589 0.25 10.4903 3
605.489  536.62  352.391  513.709 7.5133 0.25 367.126 3
3025.92  104.471  3025.38  151.51 6.4542 0.25 91.0783 3
336.325  211.213  364.53  213.03 7.30686 0.25 47.5049 3
1672.21  213.832  1631.45  235.683 9.13147 0.25 71.5021 3
1810.91  1485.29  1814.44  1475.13 6.36408 0.25 3.39402 3
2922.22  104.464  2915.41  533.499 5.39693 0.25 589.382 3
2915.29  551.497  2912.54  784.5 3.58951 0.25 205.108 3
1828.49  1516.91  1801.48  1517.36 10.0992 0.25 65.8412 3
3981.78  1449.5  3981.43  1240.5 1.25626 0.25 109.188 3
1801.69  1471.85  1808.23  1493.88 10.1555 0.25 13.2148 3
199.789  932.036  181.496  935.478 3.74611 0.25 0.848946 3
3983.95  1937.5  3983.54  1824.5 2.07007 0.25 42.2099 3
598.832  823.453  606.9  536.511 2.67379 0.25 380.829 3
87.5349  489.042  22.3799  484.076 7.29294 0.25 146.511 3
1699.16  880.453  1697.36  931.495 3.34084 0.25 41.2175 3
1762.69  1477.91  1776.89  1471.21 11.6042 0.25 0.597373 3
2911.57  860.502  2910.33  902.495 1.58923 0.25 20.6853 3
3979.53  903.5  3979.49  683.5 1.01785 0.25 115.811 3
3992.09  1802.5  3992.18  1958.5 6.01508 0.25 204.678 3
3980.51  1176.5  3980.5  958.5 1.00375 0.25 114.607 3
365.414  205.538  363.942  163.52 2.20891 0.25 37.543 3
3992.79  1142.46  3989.96  1250.49 6.1811 0.25 75.0516 3
1436.74  376.202  1433.14  385.359 6.1817 0.25 0.973694 3
1206.14  1885.63  1185.13  1897.6 4.11515 0.25 9.55146 3
1424.33  1214.5  1424.91  1120.5 1.27716 0.25 45.3698 3
1827.5  1563.47  1799.35  1559.59 9.66943 0.25 30.6687 3
620.934  1772.84  603.301  1795.57 3.86979 0.25 17.0916 3
181.307  939.071  199.647  936.589 4.90261 0.25 2.06583 3
1017.65  838.025  1038.67  800.595 5.17094 0.25 50.7427 3
1037.72  797.128  1082.47  738.938 5.60927 0.25 97.2931 3
592.487  1081.93  623.503  1082.22 3.15466 0.25 11.4599 3
625.514  1078.74  592.492  1078.48 3.96059 0.25 3.45401 3
1455.75  1459.64  1416.03  1448.12 7.93339 0.25 29.6733 3
1081.64  737.783  1107.44  725.314 9.00418 0.25 60.234 3
1702.29  1532.23  1673.42  1523.77 4.10222 0.25 8.84067 3
1796.11  1558.75  1762.56  1548.31 3.92433 0.25 0.648243 3
1824.44  996.006  1835.53  996.289 6.15099 0.25 18.1406 3
4022.51  1800.51  4021.93  1859.49 2.657 0.25 15.5222 3
1416.22  1440.34  1456.09  1453.75 6.97991 0.25 18.9145 3
1488.09  308.845  1468.82  317.235 5.9003 0.25 12.8978 3
2122.94  658.52  2121.3  694.491 2.27249 0.25 13.5269 3
1142.33  34.4899  1140.57  63.5042 4.47797 0.25 4.11559 3
1610.93  1282.22  1584.52  1314.7 8.04948 0.25 9.29739 3
1689.6  882.446  1671.58  884.315 5.69548 0.25 1.61913 3
22.1196  59.4984  21.8943  114.498 2.55734 0.25 8.16124 3
1472.56  315.728  1423.59  341.791 5.51031 0.25 46.9656 3
711.637  212.535  746.365  217.453 2.54115 0.25 8.22671 3
2011.51  1760.28  2043.48  1761.9 3.69431 0.25 9.12114 3
2118.49  861.5  2117.54  888.501 2.17502 0.25 5.09255 3
571.627  1589.28  547.998  1575.35 3.51135 0.25 2.61977 3
610.332  1887.68  814.798  1845.96 7.32062 0.25 124.692 3
1849.94  689.476  1848.87  669.641 2.76103 0.25 5.80677 3
1850.5  1568.5  1862.55  1565.74 3.08264 0.25 0.264439 3
611.5  1741.5  622.943  1755.94 4.24429 0.25 1.37794 3
1854.32  1531.34  1834.63  1553.62 2.30689 0.25 0.366931 3
156.515  103.941  124.498  104.273 3.12424 0.25 0.239844 3
73.4798  533.704  166.362  542.898 8.56219 0.25 9.43025 3
1237.84  1050.5  1238.13  965.499 3.10945 0.25 14.3016 3
1624.08  1290.14  1612.74  1285.29 3.3837 0.25 2.54005 3
1633.1  223.556  1631.94  215.298 3.78438 0.25 3.2256 3
1863.47  1565.73  1892.67  1568.98 3.97322 0.25 17.471 3
1872.67  1603.34  1897.57  1606.99 8.11154 0.25 27.4797 3
1896.57  1562.93  1864.23  1544.24 8.25466 0.25 1.75274 3
1999.11  686.81  1979.9  691.249 4.19525 0.25 0.149479 3
2049.3  1711.8  2082.54  1713.83 6.17983 0.25 13.9021 3
2117.05  911.492  2116.6  935.483 2.20609 0.25 8.22586 3
2985.61  965.438  2987.24  863.48 8.31945 0.25 26.0381 3
3954.46  112.498  3953.42  133.545 2.04437 0.25 7.71472 3
4007.73  1459.5  4007.53  1495.5 1.48902 0.25 5.03178 3
199.508  22.0566  164.502  21.4037 1.29803 0.25 3.87962 3
929.773  1249.25  927.609  1272.51 4.01101 0.25 0.902241 3
1592.6  1199.66  1601.22  1221.21 5.94098 0.25 1.42495 3
1679.52  899.691  1648.4  903.695 5.30079 0.25 13.8093 3
1933.74  1587.33  1943.47  1600.52 4.05351 0.25 5.70924 3
2120.7  503.499  2120.47  450.491 4.00442 0.25 40.3692 3
2124.86  522.497  2124.71  552.501 1.13556 0.25 1.41942 3
2988.69  1019.52  2987.16  969.541 5.99719 0.25 30.4979 3
3948.74  133.494  3948.63  112.494 3.10995 0.25 0.889742 3
3990.62  1337.5  3990.7  1385.5 1.54071 0.25 12.2565 3
1834.17  1556.85  1862.77  1584.38 15.7962 0.25 19.6943 3
3005.04  1053.5  3005.28  1020.49 2.1621 0.25 7.43703 3
1447.27  387.249  1487.24  351.207 4.14511 0.25 5.59624 3
1539.28  281.866  1517.11  294.565 7.44698 0.25 2.73907 3
1594.13  1234.38  1623.48  1244.7 9.67835 0.25 1.84323 3
1670.5  1445.88  1715.5  1445.9 6.9965 0.25 7.59766 3
249.504  22.3275  215.5  21.4975 0.938624 0.25 0.623538 3
165.376  542.888  474.684  570.435 8.54889 0.25 57.4127 3
911.819  704.284  970.976  680.213 5.99846 0.25 19.2751 3
1241.39  876.527  1243.5  807.5 5.35474 0.25 12.144 3
2124.61  554.502  2122.67  658.484 5.0178 0.25 30.813 3
24.5325  528.372  45.4863  528.976 3.44037 0.25 1.85333 3
281.438  572.163  244.662  568.752 1.63368 0.25 0.424523 3
472.416  590.279  424.329  585.088 1.64111 0.25 4.23529 3
475.476  570.784  550.611  577.207 8.87421 0.25 2.3303 3
539.585  591.842  473.503  588.445 2.96806 0.25 1.69953 3
550.626  636.478  549.885  699.493 2.25277 0.25 3.30756 3
684.458  1783.64  642.46  1785.67 3.02474 0.25 8.48665 3
700.635  1801.73  666.495  1805.46 2.67487 0.25 2.93382 3
990.566  626.393  987.923  649.434 2.36649 0.25 0.601157 3
1337.59  1848.44  1335.57  1877.5 1.7124 0.25 4.13141 3
1431.51  1418.47  1451.07  1426.54 3.00317 0.25 1.38716 3
1706.53  1439.62  1727.77  1434.64 2.56331 0.25 2.27106 3
1854.76  867.3  1847.9  892.609 5.39507 0.25 1.25042 3
1850.82  1586.62  1876.7  1595.93 5.18943 0.25 0.038805 3
1901.12  911.6  1903.88  894.4 2.22972 0.25 1.07005 3
1915.1  1425.29  1909.68  1461.23 4.57085 0.25 8.43023 3
2076.53  1687.27  2094.42  1689.26 3.97561 0.25 4.9157 3
2114.51  966.543  2116.02  1001.61 1.45428 0.25 3.32391 3
2951.99  159.475  2951.07  104.491 5.19936 0.25 1.06103 3
2987.67  326.508  2983.85  403.468 2.95546 0.25 14.5602 3
2994.82  279.528  2999.81  221.27 3.16943 0.25 0.495061 3
3020.09  641.494  3019.29  693.497 1.3692 0.25 9.77201 3
3318.29  746.502  3318.58  776.499 1.03851 0.25 1.41942 3
256.32  761.013  282.78  757.813 3.59632 0.25 0.24353 3
533.068  785.637  536.109  706.408 6.30653 0.25 5.00931 3
537.652  662.505  539.727  592.447 5.79713 0.25 3.72386 3
548.243  700.405  546.464  742.541 2.15905 0.25 1.66752 3
708.386  186.485  673.734  182.477 4.24395 0.25 0.548802 3
772.36  1792.37  743.432  1795.95 3.23795 0.25 2.51973 3
996.337  1948.52  993.868  1924.46 2.37175 0.25 4.01532 3
1726.09  1606.13  1775.02  1618.41 3.82268 0.25 3.60626 3
1758.91  261.458  1810.54  239.583 2.21536 0.25 3.95105 3
1901.58  1197.52  1902.61  1149.52 3.05206 0.25 12.3908 3
2125.44  317.507  2127.91  340.456 2.37576 0.25 0.601157 3
2130.06  239.547  2132.61  263.381 3.08947 0.25 7.05632 3
2921.83  580.409  2927.22  540.733 3.94777 0.25 1.11695 3
2926.31  338.503  2926.49  294.5 2.10617 0.25 4.85104 3
2951.42  1327.5  2954.02  1270.57 3.27295 0.25 6.27633 3
2988.64  187.442  2985.32  236.556 1.00595 0.25 4.68898 3
3005.69  159.155  3000.57  126.646 3.84125 0.25 3.61106 3
3404.51  135.917  3377.48  135.308 1.65729 0.25 1.40056 3
990.657  135.513  987.84  168.529 1.89031 0.25 1.42746 3
1894.27  1520.68  1903.56  1532.45 2.82879 0.25 5.89185 3
2954.34  877.592  2958.69  837.629 3.55727 0.25 7.75388 3
3997.03  1800.45  3999.17  1866.48 2.04609 0.25 6.39471 3
461.518  615.936  473.581  615.429 3.78651 0.25 0.053447 3
744.425  1794.11  721.528  1791.28 1.36786 0.25 0.0347065 3
1703.53  1557.35  1740.4  1564.04 2.05776 0.25 0.442623 3
2089.06  1202.44  2092.39  1176.61 2.12504 0.25 4.97462 3
3405.71  1053.49  3405.4  1084.5 1 0.25 0.0347065 3
3429.71  949.492  3429.4  980.499 1 0.25 0.0347065 3
3389.57  1147.5  3389.36  1194.5 1 0.25 9.49307 3
1632.45  214.555  1635.12  21.4947 6.4751 0.25 502.871 3
4030.5  18.6856  889.5  19.5975 3.01655 0.25 661.88 3
2984.54  576.488  2975.17  1327.5 5.7974 0.25 441.803 3
3023.46  309.5  3020.39  629.499 4.59631 0.25 414.568 3
1833.22  1370.43  1827.34  1635.52 15.895 0.25 288.412 3
1578.29  1746.49  1584.59  1537.47 5.85371 0.25 334.218 3
1835.63  954.658  1648.4  965.91 5.75724 0.25 191.216 3
1139.6  104.503  1130.27  391.525 4.69978 0.25 278.811 3
1639.55  1504.91  1934.64  1586.99 13.2161 0.25 151.249 3
1138.86  23.4896  1136.08  194.509 5.66704 0.25 204.576 3
595.474  1796.66  619.473  1946.34 4.74944 0.25 66.1825 3
3021.5  22.4743  3004.97  1954.5 10.9532 0.25 4798.91 3
3122.1  1743.49  3136.53  256.491 6.04073 0.25 2427.46 3
1649.46  956.689  1835.62  946.825 4.72843 0.25 110.879 3
2112.22  1194.5  2109.49  1367.52 3.95206 0.25 21.6364 3
3983.21  510.494  3988.52  1958.5 7.3914 0.25 5562.26 3
2989.97  104.502  2989.34  275.503 7.27111 0.25 22.1704 3
984.496  697.771  947.78  1510.6 19.6559 0.25 360.407 3
2125.38  461.479  2109.15  1324.49 2.86893 0.25 503.832 3
2926.22  1743.48  2939.93  643.48 6.67499 0.25 516.927 3
941.491  779.5  926.26  1250.49 5.69614 0.25 396.543 3
2928.95  227.492  2926.97  117.474 3.66924 0.25 6.05352 3
500.517  622.501  494.785  782.474 2.01892 0.25 13.2539 3
971.559  683.43  982.798  371.547 8.64273 0.25 204.512 3
407.946  78.7723  417.749  52.2226 8.02111 0.25 39.0419 3
3980.53  1956.5  3975.06  383.491 9.60059 0.25 4907.9 3
2911.83  821.504  2908.37  1083.5 1.9602 0.25 119.274 3
1210.98  854.487  1200.33  1293.52 4.9445 0.25 113.326 3
955.988  245.879  1121.43  91.4962 8.0873 0.25 98.1001 3
3899.71  22.4969  3904.67  1958.5 20.8616 0.25 5408.67 3
2098.29  1763.5  2117.7  506.565 16.1987 0.25 1199.12 3
896.256  1817.2  776.543  1829.9 8.54372 0.25 16.9653 3
3982.97  381.496  3991.23  1329.5 6.99102 0.25 2043.59 3
2952.48  946.687  2965.3  673.537 6.87452 0.25 3.4083 3
3987.96  643.518  3992.55  1294.49 7.67061 0.25 553.336 3
