491
1658  1445.98  1566.04  1450.82 4.30686 0.25 0.264077 0
413.951  1725.59  313.951  1737.59 4.60654 0.25 1.32989 0
989.617  2515.94  861.589  2539.79 6.32336 0.25 6.93218 0
1545.97  761.149  1689.96  756.671 4 0.25 7.4888 0
575.297  2826.73  532.125  2903.2 4.99993 0.25 0.742898 0
1046.78  1874.39  1092.93  1783.49 5.98147 0.25 10.4991 0
1135.63  1698.81  1173.88  1621.94 5.36307 0.25 3.87644 0
668.244  1927.75  785.034  1836.76 5.57786 0.25 7.74806 0
1066.8  1770.47  1034.4  1826.23 6.59806 0.25 2.67232 0
1086  2862.18  998.003  2861.57 8.11097 0.25 1.7689 0
993.957  2849.61  1097.99  2850.84 5.76365 0.25 2.07026 0
1864.08  2055.1  1926.07  2014.1 7.13753 0.25 2.75684 0
646.438  2746.26  685.149  2681.49 5.53767 0.25 0.156443 0
942.957  2402.81  891.469  2463.25 6.08972 0.25 4.4785 0
1182.77  1582.48  1083.99  1743.22 6.81578 0.25 18.3023 0
921.813  2469.06  1006.45  2452.29 7.88576 0.25 2.57208 0
1809.95  2118.53  1861.85  2057.87 9.88027 0.25 0.594845 0
1097.5  1821.78  1165.19  1665.65 6.9799 0.25 3.47306 0
2046  694  2190  694 4 0.25 8.09086 0
2269.57  1960  2390.04  1934.2 7.25528 0.25 3.58508 0
433.709  2809.81  343.046  2950.67 6.29885 0.25 23.2517 0
484.281  2736.8  435.319  2806.92 8.481 0.25 1.24717 0
1130.78  1722.39  1087.23  1810.61 7.58699 0.25 5.81211 0
698.145  2154.12  801.38  2025.5 4.60147 0.25 10.761 0
1100.88  2340.37  1147.56  2308.26 6.85799 0.25 0.866137 0
6  2674  6  2810 4 0.25 6.88674 0
559.436  2647.29  510.205  2702.18 7.29701 0.25 3.72702 0
578.094  1982.13  658.408  1922.55 4.42521 0.25 0.742898 0
2141.99  2643.39  2194.02  2643.77 8.05784 0.25 2.67232 0
1192.9  2789.91  1182.01  2930 4.59644 0.25 10.4991 0
319.709  2098.59  372.219  2063.35 20.0166 0.25 2.26133 0
1196.86  1585.45  1139.84  1702.89 4.43153 0.25 7.4888 0
544.99  2793.43  455.486  2950.85 7.64006 0.25 15.1092 0
786.542  2390.27  811.603  2340.79 6.84258 0.25 1.4682 0
2026.01  1497.49  1862.01  1497.9 4.38507 0.25 6.62386 0
442.174  2262.87  533.685  2244.44 5.50063 0.25 1.42159 0
1118  2898  1014  2898 4 0.25 2.07026 0
174.867  2201.13  211.251  2177.73 11.6203 0.25 1.99679 0
2450  1674  2326  1674 4 0.25 5.08056 0
2050.55  2701.46  1959.38  2608.65 9.16734 0.25 0.350991 0
615.6  2255.31  694.784  2158.64 5.36547 0.25 2.03314 0
1929.51  2802.27  1858.08  2673.96 9.33184 0.25 2.07401 0
602.276  2910.14  669.534  2773.77 5.79473 0.25 1.05601 0
313.593  2392.2  382.59  2376.61 5.15844 0.25 0.264077 0
1929.66  2638.21  1882.91  2561.45 6.98683 0.25 0.426027 0
393.853  2277.36  297.437  2299.55 3.72339 0.25 0.264077 0
498.952  2950.52  581.69  2797.83 8.35012 0.25 5.12491 0
353.946  2089.92  260.354  2155.66 4.19636 0.25 2.50537 0
1186.15  2746.01  1172.41  2901.86 5.97223 0.25 3.02292 0
556.778  2625.55  634.092  2565.01 17.5297 0.25 7.69077 0
384.947  2529.14  75.5971  2907.31 6.20302 0.25 31.7968 0
509.339  2377.46  390.344  2522.28 4 0.25 2.29244 0
274.018  2346.08  369.652  2324.46 3.6657 0.25 0.264077 0
886.02  2631.4  773.996  2630.54 4.55538 0.25 0.742898 0
729.989  2659.05  969.965  2661.47 9.13281 0.25 24.8659 0
1502.2  2464.22  1398.2  2452.25 4.89316 0.25 2.50537 0
1992.44  2930.79  1947.05  2841.46 5.36307 0.25 3.14954 0
2128.51  2819.01  2083.74  2752.82 5.84604 0.25 1.32989 0
1928.95  2818.53  1995.98  2951.02 4.91659 0.25 2.45556 0
2405.99  1765.25  2549.99  1764.25 8.8841 0.25 3.43456 0
233.04  2725.22  329.753  2605.8 6.50205 0.25 4.99065 0
1574  2658.93  1690  2659.15 4.20137 0.25 3.27438 0
1759.22  2941.25  1675.71  2804.95 7.1583 0.25 2.97851 0
497.967  2376.93  389.946  2380.23 4.12038 0.25 0.742898 0
130.083  2438.94  49.9999  2446 5.61775 0.25 0.273834 0
344.116  2588.45  412.746  2504.97 6.52121 0.25 0.140235 0
361.88  2901.92  441.573  2781.72 7.90173 0.25 2.97851 0
849.26  2949.55  917.761  2837.85 4.18242 0.25 0.241523 0
253.742  2468.86  337.939  2449.73 6.86352 0.25 1.90005 0
290.487  2468.05  173.483  2495.82 7.58688 0.25 0.0524572 0
49.4867  2949.58  231.855  2727.52 7.62947 0.25 13.9479 0
211.767  2476.58  251.092  2414.69 5.87196 0.25 2.67232 0
634.989  2563.86  682.173  2538.8 12.2272 0.25 0.960024 0
493.967  2303.02  562.025  2305.25 5.83416 0.25 0.847256 0
432.924  2112.63  881.162  1760.93 5.85805 0.25 81.2066 0
96.4599  2868.73  406.128  2494.11 8.05577 0.25 27.4078 0
505.819  2453.86  123.829  2951.4 7.67851 0.25 22.3784 0
1751.94  1364.99  1752.81  1423 2.78406 0.25 12.6948 1
1745  1443.95  1667.01  1443.6 2.34644 0.25 14.7051 1
1783.21  763.148  1823.37  707.266 4.77053 0.25 30.4814 1
2553  9.93358  9.00001  9.97091 4.03726 0.25 1516.64 1
2175.02  1630.26  2038.97  1625.77 3.90745 0.25 48.4789 1
315.195  1629.99  384.466  1616.3 9.01145 0.25 22.3871 1
1217.06  2317.27  1208.77  2381.23 3.89226 0.25 20.651 1
1211  2386.34  1353  2386.39 4.00139 0.25 69.8905 1
2298.97  782.436  2387.03  777.444 2.67609 0.25 22.3277 1
1313.51  2950.99  1310.56  2729.01 5.32559 0.25 67.061 1
1263.92  2729.02  1260.48  2893.03 4.59679 0.25 44.1979 1
1401  2318.87  1493.03  2317.69 6.05112 0.25 32.0461 1
1649  1714.84  1761.03  1712.85 4.53435 0.25 53.1225 1
238.748  2272.68  319.295  2209.38 2 0.25 14.1112 1
1385.32  2930.98  1371.98  2729.07 5.95172 0.25 46.4851 1
1948.8  1998.6  1892.74  2026.47 2 0.25 1.85768 1
1003  2875.99  1125  2876.23 2.24512 0.25 42.1957 1
1772.84  1623  1771.32  1538.99 6.10753 0.25 32.9483 1
2084.97  1720.14  2008.97  1717.87 4.62389 0.25 26.3743 1
1887.01  1495.44  2246.96  1485.53 4.75263 0.25 105.479 1
276.703  2724.77  571.67  2345.52 5.96516 0.25 301.246 1
357.197  1976.7  285.233  1985.02 4.19543 0.25 25.7531 1
1698.27  2486.03  1655.23  2429.77 10.9357 0.25 24.7794 1
1242.57  2890.98  1248.89  2731 5.2322 0.25 44.7089 1
1627.39  2625.47  1561.09  2608.64 5.503 0.25 6.63541 1
2553.01  1919.88  2475  1920.19 4.01606 0.25 25.0498 1
599.426  1979.55  656.88  1934.85 2.80664 0.25 7.49189 1
1945.01  1618.31  1790.99  1619.46 6.34553 0.25 27.1088 1
1004.97  2484.81  955.106  2493.6 2.66409 0.25 5.47004 1
1775.06  1638.41  1937.12  1631.99 6.44747 0.25 65.6127 1
1941.01  1651.57  1864.96  1653.38 3.9038 0.25 23.8878 1
1397.06  2865  1403.41  2952.97 2.32392 0.25 15.7051 1
679.792  1942.07  614.43  1990.23 7.88439 0.25 12.6719 1
2097.01  1639.95  2215.02  1638.66 12.5869 0.25 20.2558 1
1489.05  1393  1488.89  1447.01 2 0.25 1.85768 1
1326.24  2745.02  1329.66  2894.98 4.99343 0.25 44.1979 1
1561.09  2898.79  1555.56  2949.28 7.7062 0.25 17.1009 1
1301.01  1615.34  1219  1615.66 4.29206 0.25 30.4814 1
2460.95  1837.46  2550.98  1847.21 3.82888 0.25 5.5491 1
1551  2639  1629.06  2634.02 7.13347 0.25 5.04544 1
2479.14  2399.45  2538.74  2444.71 9.99981 0.25 9.96051 1
2529.01  1641.43  2390.95  1645.25 7.49124 0.25 26.139 1
2462.97  1632.18  2395.05  1634.41 4.39245 0.25 14.1956 1
2001.25  2800.81  2039.3  2852.78 6.77193 0.25 9.04882 1
1525.23  2612.76  1555.57  2642.46 8.51479 0.25 0.286592 1
1387.93  2825.07  1382.75  2747.02 3.06247 0.25 5.44755 1
1033  2910.05  1119  2910.16 2.1107 0.25 5.56033 1
2289.91  2194.16  2236.01  2135.91 6.04803 0.25 3.8681 1
1101  2851.02  1007  2850.73 2.28721 0.25 10.5517 1
2319.01  1339.27  2267.01  1339.08 6.1124 0.25 7.0142 1
1795.01  822.24  1750.99  821.562 4.21516 0.25 12.6948 1
2107.02  1690.93  2249.01  1689.72 3.21139 0.25 42.1983 1
2095  1506.87  2173.01  1505.48 3.24891 0.25 22.1353 1
26.4607  2440.31  430.64  2122.54 2.8414 0.25 111.994 1
268.958  1800.64  307.141  1796.22 5.81452 0.25 0.686051 1
1827.04  1498.22  2141.06  1489.06 7.78996 0.25 60.4665 1
111.028  1597.55  182.938  1593.81 4.64379 0.25 21.9999 1
1733.79  1660.23  1552.78  1630.33 18.0853 0.25 58.0396 1
1465  1407  1465  1355 2 0.25 1.25562 1
1502.89  1270.87  1500.05  1145.11 16.6413 0.25 44.6045 1
1508.6  1391.01  1507.33  1330.95 5.66126 0.25 12.2157 1
394.134  2056.71  766.072  1810.62 11.6293 0.25 70.865 1
876.786  1950.83  269.015  2717.01 4.11866 0.25 189.715 1
1044.62  1758.23  386.61  2622.7 3.39625 0.25 28.543 1
1809.42  984.974  1814.12  1415.05 16.0209 0.25 8.47177 1
922.415  2918.12  909.8  2955.27 6.39531 0.25 10.1375 1
1163.49  1661.25  1178.96  1630.98 3.84111 0.25 4.17588 1
1541.72  2541.18  1528.58  2593.4 7.78548 0.25 11.565 1
1499.08  2438.83  1534.32  2454.53 7.70553 0.25 0.652097 1
1534.12  2449.68  1515.09  2424.93 7.07603 0.25 1.56872 1
920.582  2955.22  924.763  2924.97 6.21734 0.25 3.78118 1
995.829  1903.46  977.109  1937.06 4.26792 0.25 5.69817 1
2183.95  2134.29  2204.3  2161.52 5.61424 0.25 4.57145 1
933.044  2107.93  870.993  2110.85 4.27748 0.25 10.4485 1
1214.87  2898.72  1238.58  2888.06 6.30609 0.25 2.06342 1
2379.01  2324.99  2442.18  2371.39 6.2723 0.25 19.9239 1
991.256  2005.13  1026.96  1933.98 4.57534 0.25 39.0954 1
554.304  2882.59  524.92  2932.95 3.88593 0.25 2.58973 1
850.906  2510.08  873.602  2470.2 5.96367 0.25 5.4521 1
10.7998  2531  10.6663  2613 2.12051 0.25 8.99236 1
868.4  2470.64  845.524  2509.31 2.44262 0.25 1.76764 1
1169.47  2955.24  1174.39  2905.14 3.98087 0.25 4.32815 1
1260.39  2894.99  1259.62  2955.03 3.99967 0.25 21.6356 1
1565.24  2543.87  1538.72  2538.31 6.33365 0.25 1.06535 1
2323  1589  2377  1589 2 0.25 1.16558 1
890.019  2207.51  916.55  2154.77 5.34903 0.25 15.465 1
2044.37  2926.18  2062.02  2955.59 3.80195 0.25 2.17588 1
1239.65  2892.95  1240.33  2929.01 4.88673 0.25 7.18618 1
2442.16  2321.52  2394.11  2283.59 4.87529 0.25 14.8483 1
163.271  2336.87  183.921  2320.14 5.70471 0.25 3.95663 1
467.787  2775.52  414.93  2854.95 4.4623 0.25 8.75355 1
527.019  2697.02  500.39  2730.51 4.41551 0.25 4.57145 1
612.218  2616.1  543.782  2675.6 4.98995 0.25 10.6494 1
1197.39  2815.03  1188.25  2939.09 3.63125 0.25 22.0203 1
511.515  2871.3  479.266  2927.15 2.92823 0.25 3.23541 1
1245.13  2887.01  1248.09  2808.97 2.67917 0.25 15.2011 1
2130.98  2651.2  2199.01  2651.85 4.57289 0.25 14.8483 1
818.06  2346.53  868.967  2243.99 6.28892 0.25 25.5897 1
923.825  2851  924.073  2917 2.23337 0.25 20.4315 1
1040.76  2599  1040.54  2641 3.22113 0.25 1.16558 1
1548.8  2403.04  1556.37  2441.52 4.76083 0.25 4.01679 1
874.929  2105.67  925.106  2102.99 5.88475 0.25 5.33187 1
1598.68  2867.09  1576.92  2842.87 4.40013 0.25 0.119765 1
2291.02  2078.99  2314.62  2119.22 2.99031 0.25 3.94464 1
2426.9  2133.08  2399.83  2099.96 4.91152 0.25 3.42805 1
444.957  2270.79  539.137  2251.68 3.86349 0.25 7.239 1
2285.64  2040.97  2287.19  2071.09 4.12678 0.25 2.17588 1
477.358  2713.31  529.881  2652.04 3.47339 0.25 7.05659 1
2135.22  2768.83  2064.12  2674.16 4.36884 0.25 10.039 1
499.199  2264.01  408.768  2281.82 3.44845 0.25 7.31837 1
60.3494  2294.01  90.4997  2274.24 3.42879 0.25 0.490052 1
313.097  2403.34  266.389  2416.89 3.0896 0.25 0.948822 1
525.841  2955.48  555.59  2903.34 2.99721 0.25 2.14766 1
2154.9  2616.77  2118.88  2618.39 6.89041 0.25 2.97981 1
407.074  2237.33  482.88  2220.46 3.46996 0.25 1.91889 1
501.098  2217.53  579.005  2203.02 2.20031 0.25 1.80926 1
579.972  2678.41  610.031  2626.44 4.37911 0.25 3.4387 1
2376.75  2128.76  2424.93  2135.47 4.51311 0.25 0.0128231 1
337.026  2345.12  283.112  2357.49 2.29154 0.25 1.06605 1
349.255  2290.26  413.076  2277.37 3.14797 0.25 1.12414 1
384.634  2396.8  352.751  2454.86 2.40438 0.25 2.62239 1
11  2849  11  2955 2 0.25 16.8191 1
263.345  2425.22  229.457  2477.3 2.69845 0.25 1.80926 1
451.025  2323.01  427.463  2375.21 2.41716 0.25 1.64281 1
648.981  2420.99  680.557  2374.05 3.92209 0.25 1.56872 1
2081.6  2704.54  2131.57  2770.57 3.6209 0.25 4.33631 1
319.053  2399.24  388.79  2384.04 3.05593 0.25 4.49526 1
560.987  2172.93  514.716  2181.46 3.57109 0.25 2.62239 1
398.844  2284.27  322.868  2300.38 3.79492 0.25 1.96632 1
167.004  2505.02  71.2647  2528.1 3.21189 0.25 12.411 1
114.575  2511.32  171.012  2497.05 3.77004 0.25 1.01406 1
1092.06  2646.99  1093.02  2579 2.78945 0.25 8.02709 1
1037.21  1751.16  81.0789  2955.06 4.3781 0.25 690.027 1
1167.84  2953.08  1187.87  2728.9 5.83931 0.25 79.5614 1
2203.94  2164.14  2359.09  2309.05 9.37802 0.25 40.079 1
785.01  2053.01  574.262  2312.4 2.39559 0.25 46.591 1
667.156  2205.13  945.487  1861.39 3.17473 0.25 103.767 1
1452.2  1401.02  1448.8  1231.04 5.91884 0.25 35.9084 1
973.106  1695.14  13.2395  2441.88 6.36193 0.25 340.875 1
709.13  2562.06  1023.6  1937.3 6.52959 0.25 236.622 1
1163.65  1629.4  557.155  2624.31 4.89274 0.25 430.332 1
546.983  2212.92  411.147  2239.75 3.24604 0.25 16.708 1
1736.76  1329  1741.87  1623.02 5.26919 0.25 22.47 1
975.631  1941.39  352.316  2955.81 3.56529 0.25 190.917 1
1928.49  1263.63  1987.5  1264 3.35565 0.25 61.5407 2
2174.09  914.179  2171.45  876.434 10.9034 0.25 151.289 2
2270.58  1009.02  2260.4  1009.53 4.34157 0.25 7.3025 2
2318.62  1014.53  2266.46  1016.12 6.27425 0.25 145.479 2
1744.07  1366.5  1744.49  1426.51 3.35755 0.25 101.606 2
1734.5  825.286  1576.52  826.089 17.2997 0.25 388.617 2
2015.66  1275.5  2015.67  1327.5 2.01308 0.25 46.8184 2
1664.53  1076.71  1730.54  1075.93 6.57637 0.25 219.202 2
2058.52  769.606  1870.5  770.848 6.17834 0.25 521.826 2
2195.2  1336.51  2196.27  1393.5 1.30188 0.25 27.5524 2
1362.02  1215.4  1377.03  1173.33 4.43939 0.25 102.81 2
2202.54  824.5  2203.38  937.501 1.88123 0.25 108.536 2
1758.94  1298.21  1780.44  1257.04 9.1016 0.25 153.738 2
1400.36  1578.39  1348.2  1570.49 5.24305 0.25 135.131 2
2350.93  1182.5  2350.84  1120.5 9.96705 0.25 72.3815 2
2538.52  972.133  2413.49  973.545 3.81902 0.25 265.824 2
2524.5  964.41  2430.5  964.723 1.05328 0.25 19.1687 2
2450.53  959.182  2430.49  958.773 3.28505 0.25 17.5421 2
2510.54  959.241  2481.5  958.394 4.4357 0.25 39.9793 2
1377.14  1131.04  1403.18  1051.05 7.0501 0.25 289.032 2
1364.45  1590.14  1483.58  1594.07 7.7207 0.25 274.97 2
405.651  1705.36  459.901  1695.77 9.03669 0.25 185.999 2
60.9332  866.156  14.3409  837.666 13.5036 0.25 76.0207 2
1997.56  941.545  1995.11  890.567 5.51214 0.25 123.471 2
335.486  1570.93  282.284  1579.09 11.1651 0.25 115.902 2
2049.28  1597.89  2138.48  1590.21 7.21807 0.25 181.278 2
622.523  1676.49  524.445  1675.39 12.078 0.25 196.042 2
76.7504  1410.51  76.3172  1348.49 9.85303 0.25 256.688 2
2171.41  1585.85  2099.52  1581.17 1.90779 0.25 27.5539 2
1363.53  2378.5  1360.27  2315.62 10.1274 0.25 162.636 2
2369.01  824.498  2369.2  973.5 3.00133 0.25 178.314 2
1650.93  1207.51  1648.31  1092.5 4.10894 0.25 75.0523 2
413.983  792.297  262.95  664.782 5.84313 0.25 422.993 2
273.389  666.45  413.287  784.932 6.21412 0.25 366.47 2
2367.49  1430.81  2419.51  1430 3.23452 0.25 67.8132 2
2368.47  1427.57  2416.52  1425.98 4.29444 0.25 52.7461 2
98.5736  1544.24  44.5011  1546.53 3.17956 0.25 61.2744 2
788.597  1758.34  912.718  1684.5 14.5129 0.25 935.518 2
2099.51  1452.46  2186.54  1451.48 7.42288 0.25 257.145 2
2106.5  1443.49  2185.5  1441.56 3.02785 0.25 91.5728 2
1525.31  2323.81  1592.33  2355.94 21.6787 0.25 3.40152 2
2044.87  1366.3  2068.74  1393.55 17.4096 0.25 208.285 2
333.329  1765.56  389.295  1755.37 5.00542 0.25 61.8755 2
378.487  1748.54  395.497  1748.31 4.09354 0.25 5.05159 2
186.192  769.753  226.806  777.255 20.256 0.25 35.0111 2
1953.12  877.487  1954.4  938.523 2.95724 0.25 74.7403 2
1961.56  876.448  1962.61  938.515 7.20162 0.25 200.031 2
231.551  915.142  59.4897  890.572 2.26501 0.25 153.346 2
164.618  954.976  219.557  996.74 13.3426 0.25 86.6798 2
1138.51  2483.92  1270.66  2480.28 6.72436 0.25 52.4423 2
2290.87  1835.56  2415.64  1885.14 6.50471 0.25 273.239 2
2070.43  876.472  2072.33  940.476 4.29348 0.25 116.519 2
2241.87  1077.53  2237.49  995.554 6.72282 0.25 80.3352 2
996.891  2371.73  1077.52  2377.2 13.241 0.25 54.838 2
1902.4  878.451  1905.83  941.591 5.48177 0.25 104.638 2
1278.39  2317.68  1227.2  2305.77 13.6824 0.25 81.8307 2
1548.89  1318.49  1549.73  1345.49 1.21753 0.25 3.47004 2
2236.17  874.512  2238.49  937.5 1.99865 0.25 25.7032 2
678.177  1824.35  722.249  1797.7 25.4763 0.25 384.159 2
1546.18  1107.53  1548.7  1224.47 4.64673 0.25 186.311 2
1949.59  2789.09  1914.79  2735.66 6.02096 0.25 4.355 2
2406.5  1733.67  2444.51  1732.81 1.40816 0.25 10.8332 2
244.521  1001.5  243.123  934.466 3.187 0.25 34.7289 2
2109.92  2952.83  2025.67  2803.41 4.07067 0.25 48.8709 2
319.789  2031.72  365.514  2007.86 27.9457 0.25 599.417 2
1715.25  2585.3  1667.56  2570.32 3.52103 0.25 24.6805 2
1683.49  2625.53  1618.62  2609.03 1.3091 0.25 4.95784 2
1444.34  1676.89  1519.49  1685.59 2.05927 0.25 18.9794 2
1947.49  1670.52  2013.63  1684.88 6.06086 0.25 40.1267 2
1979.83  2923.84  1957.83  2880.32 4.43186 0.25 14.9274 2
961.434  2317.14  976.286  2356.11 13.3039 0.25 36.7813 2
982.405  2348.66  997.349  2357.46 6.28791 0.25 5.32399 2
1174.5  2560.11  1304.5  2560.29 1.17792 0.25 18.5021 2
1534.82  2600.1  1628.52  2621.4 3.98988 0.25 15.7246 2
1369.65  1640.4  1339.42  1594.89 4.68708 0.25 40.1717 2
1869.77  820.491  1870.61  1206.5 9.17628 0.25 954.448 2
1871.21  1225.47  1872.5  1358.49 5.95119 0.25 421.368 2
1137.45  2432.39  1334.43  2423.97 5.18527 0.25 102.142 2
399.675  1987.65  793.678  1757.95 27.9853 0.25 2977.39 2
189.482  1766.44  227.357  1755.53 9.10131 0.25 20.205 2
804.381  1751.21  982.102  1646.52 23.4057 0.25 1087.22 2
1855.49  1309.49  1855.85  1371.5 3.27042 0.25 96.7893 2
1870.85  1236.45  1873.65  1416.5 5.40093 0.25 571.815 2
1155.02  2885.45  1147.99  2955.55 2.08986 0.25 54.5118 2
1163.95  2798.45  1161.32  2826.48 3.17318 0.25 17.0009 2
1912.6  2741.44  1955.96  2816.81 5.53316 0.25 4.70576 2
1268.49  1566.21  1287.52  1566.57 2.26524 0.25 5.82007 2
1584.5  1528.35  1619.5  1527.34 8.28492 0.25 42.9522 2
1801.73  1521.84  1818.82  1524.23 5.80266 0.25 30.2222 2
105.994  2161.84  976.074  1650.18 28.4158 0.25 4969.82 2
1911.51  1711.2  1790.49  1710.18 6.11882 0.25 241.974 2
1430.12  1039.6  1505.11  841.974 14.1336 0.25 298.774 2
1463.77  1268.5  1463.77  1211.5 4.00013 0.25 9.23924 2
1505.75  1450.55  1502.45  1330.47 4.44314 0.25 49.6263 2
1547.82  1130.48  1548.55  1194.51 3.71273 0.25 121.494 2
1996.97  1723.49  1941.66  1708.62 5.73011 0.25 24.441 2
2079.52  1725.91  2009.47  1723.34 2.77794 0.25 64.6811 2
134.144  2070.82  239.485  2017.42 27.197 0.25 53.9036 2
145.945  2092.7  198.623  2073.14 14.3271 0.25 42.6949 2
151.191  2103.16  219.144  2071.73 9.57536 0.25 0.732037 2
331.255  1978.29  381.633  1972.7 6.7396 0.25 65.8445 2
370.336  1956.31  448.894  1950.42 18.8221 0.25 203.892 2
165.332  2129.21  445.003  1961.66 36.0475 0.25 1261.14 2
1760.07  1820.7  1779.25  1834.45 5.79596 0.25 35.2668 2
2147.15  1788.4  2113.19  1775.31 4.46187 0.25 73.8513 2
1911.5  1889.23  1994.5  1889.02 2.11505 0.25 74.1371 2
2130.5  1887.99  2202.51  1887.28 2.50525 0.25 93.3765 2
2246.52  1860.9  2110.53  1863.12 2.75507 0.25 157.207 2
2438.48  1820.26  2414.5  1819.51 2.90526 0.25 7.68148 2
1196.8  2935.7  1216.05  2906.21 2.73326 0.25 12.457 2
2068.27  2902.28  2076.58  2931.19 3.01596 0.25 1.85829 2
13.5044  16.5  13.4895  253.5 1.00177 0.25 126.29 2
13.2069  1615.5  13.3309  1709.5 1.11738 0.25 39.5936 2
13.2355  1082.5  13.3981  1152.5 1.13936 0.25 16.2354 2
1846.5  706.736  2428.5  705.816 9.34289 0.25 700.099 2
1685.48  1762.9  1966.51  1758.89 6.22837 0.25 410.289 2
1661.5  1738.43  1990.5  1734.44 2.71664 0.25 205.941 2
2036.79  824.483  2038.69  1081.51 5.93343 0.25 465.08 2
2299.47  1460.34  2554.51  1452.91 5.34522 0.25 480.96 2
2158.49  1457.29  2248.51  1454.87 2.18755 0.25 38.4038 2
1566.51  1255.39  1568.78  1340.41 9.41028 0.25 286.295 2
1565.36  1092.45  1567.73  1234.46 7.76458 0.25 557.484 2
2509.29  1263.49  2508.89  1354.51 5.32797 0.25 237.617 2
2510.98  884.477  2511.48  960.507 5.23574 0.25 189.089 2
2510.92  1032.5  2511.54  1168.5 3.01361 0.25 97.0397 2
2503.47  1017.5  2502.43  1202.51 5.36527 0.25 85.9782 2
2211.49  2655.85  2517.5  2649.66 4.64883 0.25 7.37992 2
259.143  1136.39  261.667  1194.41 11.2489 0.25 287.4 2
245.875  865.201  259.936  1118.36 19.0794 0.25 1.37099 2
2450.52  2615.98  2192.49  2620.09 2.62058 0.25 16.5377 2
2238.49  770.189  1918.5  769.001 9.12239 0.25 775.029 2
140.519  1821.58  223.669  1801.19 7.34946 0.25 198.767 2
222.455  1791.29  236.662  1788.26 3.70376 0.25 7.1723 2
2028.34  1268.5  2030.41  1415.49 2.63461 0.25 94.4509 2
1893.49  1889.75  2330.52  1885.14 3.16434 0.25 488.023 2
2472.62  1880.17  2367.97  1841.23 5.64682 0.25 256.237 2
1250.58  2464.89  1139.47  2471.02 4.15314 0.25 77.7248 2
1594.22  2335.5  1516.67  2316.81 9.70729 0.25 96.1481 2
130.519  1739.59  147.572  1735.83 2.49894 0.25 0.297888 2
187.558  1740.56  255.913  1718.67 9.49194 0.25 332.474 2
33.3807  1786.25  110.27  1761.65 14.7771 0.25 117.919 2
872.486  1689.7  757.895  1709.76 17.115 0.25 215.849 2
833.07  1683.78  780.376  1697.01 8.96683 0.25 11.9436 2
2175.49  1275.9  2099.5  1277.23 1.80529 0.25 62.9398 2
2322.51  1272.9  2264.5  1274.37 1.97404 0.25 50.8945 2
2190.51  1269.94  2100.49  1271.08 3.54417 0.25 38.6619 2
1586.21  2361.47  1674.94  2479.43 9.92262 0.25 35.0812 2
110.494  884.847  124.503  884.91 3.04046 0.25 6.77464 2
17.2442  881.651  178.578  900.844 4.96499 0.25 120.527 2
1768.13  1071.91  1778.71  1004.69 13.2625 0.25 45.485 2
1774.77  998.587  1772.39  924.279 10.8344 0.25 202.384 2
1777.39  1198.47  1775.21  1066.5 10.2382 0.25 463.574 2
1128.03  2224.91  1001.71  2241.44 15.2823 0.25 205.845 2
1533.4  1447.52  1530.81  1311.48 5.03708 0.25 78.9724 2
1539.29  1302.34  1534.3  1277.54 4.11866 0.25 13.2962 2
83.5208  1594.78  153.507  1589.6 4.32147 0.25 73.6049 2
117.579  1620.16  199.474  1610.29 6.3864 0.25 0.506795 2
121.444  1602.4  188.473  1598.97 4.53402 0.25 99.2932 2
285.522  1594.4  387.439  1591.96 11.0597 0.25 36.6347 2
286.382  1609.85  319.498  1607.48 3.21163 0.25 2.73143 2
384.418  1616.62  415.521  1613.72 5.25634 0.25 19.5541 2
402.466  1581.49  428.504  1582.39 7.16889 0.25 27.0968 2
427.223  1590.85  482.56  1585.07 5.18058 0.25 29.5721 2
600.507  1578.76  627.515  1578.08 4.34974 0.25 18.6671 2
627.818  1611.79  655.614  1604.96 8.45135 0.25 8.70145 2
703.28  1583.8  730.426  1575.27 11.2308 0.25 45.3752 2
732.804  1584.31  768.575  1587.71 7.44255 0.25 36.3988 2
788.605  1587.51  859.567  1591.23 12.4059 0.25 74.6412 2
793.405  1606.52  834.504  1602.54 5.04113 0.25 27.8238 2
1225.4  1606.35  1290.52  1607.72 7.64135 0.25 50.4313 2
2305.5  1486.07  2363.52  1485.54 3.2916 0.25 53.4612 2
2015.53  1485.67  2363.55  1476.17 3.96785 0.25 88.1573 2
1627.49  1463.14  1661.5  1462.38 1.24554 0.25 0.297888 2
2094.49  1774.1  1712.49  1779.82 1.81198 0.25 222.571 2
2194.51  1266.82  2101.49  1269.16 1.08597 0.25 3.4815 2
1809.48  1838.7  2282.51  1832.21 7.16095 0.25 831.788 2
145.011  2039.02  177.211  2019.68 6.69145 0.25 14.9757 2
165.496  2129.5  444.9  1961.52 35.9696 0.25 1263.05 2
219.486  1994.05  243.513  1993.82 5.09575 0.25 37.3381 2
466.002  1869.08  481.947  1853.92 5.44119 0.25 16.0479 2
474.42  1872.32  525.959  1849.54 6.38239 0.25 29.4651 2
523.405  1831.84  543.424  1828.97 7.49657 0.25 17.5541 2
547.883  1828.49  559.708  1811.93 6.04493 0.25 12.2226 2
580.366  1801.62  605.452  1799.83 10.2593 0.25 13.4624 2
580.918  1915.16  678.909  1853.56 5.73047 0.25 36.2693 2
892.825  1648.39  917.404  1643.06 13.5985 0.25 38.0964 2
897.34  1632.94  920.703  1626.2 6.74459 0.25 7.85741 2
1234.8  1549.72  1286.43  1545.62 13.8445 0.25 8.54076 2
1315.67  1484.82  1335.96  1474.22 11.5224 0.25 17.722 2
1980.5  1726.17  1667.47  1730.63 5.72853 0.25 598.606 2
2077.4  1727.17  1966.32  1720.45 8.71209 0.25 7.88983 2
1750.5  1449.97  1707.5  1449.77 2.04556 0.25 16.6634 2
2513.5  1431.34  2438.49  1432.94 1.5533 0.25 38.1811 2
1844.52  1446.77  1801.6  1450.66 5.51792 0.25 9.81129 2
2354.51  1434.8  2303.5  1435.76 1 0.25 5.82007 2
2053.48  1747.04  1672.49  1751.94 3.78406 0.25 638.405 2
2556.5  15.3803  14.5  15.3883 4.00806 0.25 6084.81 2
15.6398  16.4999  15.6478  139.5 3.00783 0.25 203.721 2
1170.31  2258.72  1152.62  2241.4 6.43263 0.25 44.7352 2
1856.53  1780.22  1781.47  1781.52 4.7255 0.25 198.313 2
1457.52  1778.8  1528.52  1777.75 4.65682 0.25 125.735 2
1934.5  1867.12  1909.48  1866.91 4.00812 0.25 32.2121 2
1909.49  1891.91  2165.5  1889.68 3.99978 0.25 526.494 2
1999.5  1867.02  1979.5  1866.93 2.06282 0.25 7.48721 2
1730.5  1798.27  1809.5  1798.06 3.18119 0.25 78.3841 2
1978.5  1866.95  1935.5  1866.9 3.0295 0.25 61.6726 2
2249.52  1863.34  2000.5  1866.65 3.63417 0.25 412.98 2
1528.54  1773.27  1509.4  1772.63 4.99721 0.25 19.8504 2
2114.5  1793.36  2150.5  1793.26 3.00578 0.25 45.9114 2
1379.79  2749.47  1378.08  2733.44 4.86578 0.25 8.4707 2
763.259  2109.54  756.779  2117.94 3.59698 0.25 4.21121 2
1621.47  1777.51  1632.55  1777.18 4.02777 0.25 0.642509 2
1632.58  1772.38  1621.43  1772.88 3.17408 0.25 4.47691 2
2414.4  1830.08  2437.56  1828.38 5.83729 0.25 21.281 2
1153.19  2926.36  1150.04  2956.66 4.25024 0.25 55.2663 2
2144.36  1789.86  2114.58  1778.29 1.29433 0.25 3.61198 2
1255.57  2751.45  1254.75  2734.44 5.28408 0.25 14.1921 2
2437.49  1822.7  2414.45  1821.39 3.31554 0.25 15.8655 2
1436.94  2951.55  1432.97  2903.54 1.68062 0.25 30.9676 2
756.385  2126.59  770.299  2109.52 4.70923 0.25 22.3553 2
1245.51  2735.51  1221.49  2735.3 2.20774 0.25 18.4538 2
1547.49  2547.5  1533.52  2599.77 3.42035 0.25 32.7141 2
928.942  2948.51  928.807  2933.5 3.03588 0.25 2.51164 2
2337.48  1737.95  2357.52  1737.39 2.44639 0.25 14.7119 2
912.413  2054.85  892.065  2088.84 3.75913 0.25 16.8909 2
1170.75  1661.13  1186.25  1630.38 4.95152 0.25 54.0189 2
2259.52  2621.69  2223.51  2622.18 4.35716 0.25 18.7045 2
1078.58  1845.07  1087.22  1828.82 4.75187 0.25 22.6293 2
2259.51  1338.92  2234.53  1339.57 3.61948 0.25 7.2059 2
627.69  2288.91  635.731  2277.94 3.81736 0.25 7.32541 2
744.925  2329.15  730.017  2353.81 2.62585 0.25 5.40828 2
1195.17  2945.32  1206.29  2925.38 3.30866 0.25 8.66655 2
2274.53  2621.77  2259.49  2621.94 3.01107 0.25 0.471254 2
1206.57  2924.55  1218.7  2907.92 3.60235 0.25 3.33399 2
679.883  2436.72  665.086  2462.26 2.59575 0.25 0.489818 2
1018.13  1965.81  1033.99  1933.75 4.07409 0.25 12.491 2
1403.7  2878.48  1405.2  2897.52 2.67248 0.25 5.62282 2
998.358  2005.43  1008.32  1984.9 3.29256 0.25 0.0568944 2
924.508  2113.62  901.538  2115.09 1.20248 0.25 0.262493 2
172.29  1662.27  488.451  1608.21 12.5817 0.25 261.988 2
468.648  1620.4  567.127  1604.23 5.43941 0.25 121.416 2
105.074  1758.46  184.571  1741.84 11.8991 0.25 180.419 2
277.71  1785.61  394.468  1753.72 9.12729 0.25 135.88 2
2238.52  758.734  1865.52  761.48 8.05319 0.25 415.925 2
13.4724  1873.5  13.2766  2140.5 1.1884 0.25 118.271 2
358.195  2631.73  567.225  2359.52 6.57223 0.25 267.141 2
2322.51  1859.39  1910.53  1865.54 3.97056 0.25 470.272 2
1241.07  2526.03  1206.58  2533.86 6.06381 0.25 39.6056 2
1066.39  1592.78  1289.59  1587.45 27.0346 0.25 123.526 2
1172.07  1628.63  798.27  2244.36 3.7551 0.25 531.203 2
1414.5  2733.58  1208.5  2732.78 5.71801 0.25 128.713 2
1435.56  2953.59  1415.02  2733.45 5.15481 0.25 566.777 2
787.951  1688.27  848.699  1673.31 5.77594 0.25 24.0016 2
13.3307  856.5  13.2446  958.5 1.07929 0.25 29.2401 2
549.311  1581.3  1328.41  1514.48 7.48707 0.25 37.0886 2
1598.48  1477.29  2291.53  1463.05 4.31412 0.25 612.622 2
1392.73  2734.39  1397.13  2785.45 4.67031 0.25 53.0874 2
146.887  2094.24  258.969  2037.52 17.3614 0.25 53.0797 2
1251.55  2834.5  1254.1  2753.49 2.67708 0.25 13.8136 2
13.1753  1303.5  13.2867  1508.5 1.06248 0.25 40.7598 2
645.42  1618.15  699.77  1605.67 10.1144 0.25 13.2556 2
1176.21  2934.56  1185.2  2830.47 3.80037 0.25 49.9984 2
1567.5  1523.56  1817.5  1523.07 18.1053 0.25 104.045 2
623.719  1584.72  681.581  1591.84 8.53452 0.25 3.08241 2
1482.17  1452.5  1482.01  1185.5 5.11179 0.25 39.9688 2
498.111  1602.98  585.069  1595.49 16.2444 0.25 104.533 2
2212.51  1813.23  1761.5  1819.51 5.37422 0.25 1206.76 2
757.537  1594.97  809.427  1598.56 6.74063 0.25 16.6675 2
1726.52  1797.1  2146.5  1791.46 6.99623 0.25 827.918 2
997.153  1916.9  695.99  2410.8 4.14155 0.25 171.238 2
