287
2446.03  980.288  2621.98  983.101 41.4655 0.25 0.155576 0
2603.49  1156.52  2810.17  1034.29 5.02975 0.25 14.6488 0
2009.69  1825.3  1914.58  1867.32 4.16893 0.25 3.66519 0
1277.23  1476.94  1033.34  1653.08 5.40469 0.25 39.0729 0
1021.66  1661.52  786.028  1830.04 3.16088 0.25 17.5345 0
2402.75  1867.82  2745.94  1725.87 5.8824 0.25 23.1586 0
1358.42  1594.53  1407.69  1555.11 8.99181 0.25 2.84637 0
1497.06  1435.95  1321.02  1408.24 16.8177 0.25 1.37474 0
193.742  1725.77  358.276  1538.24 6.43917 0.25 20.6221 0
129.592  9.83514  9.9441  305.977 5.01725 0.25 18.8235 0
366.436  1538.38  194.654  1734.57 5.29842 0.25 16.1453 0
1798.05  1178.07  1646.86  1287.19 4.70965 0.25 7.65136 0
2274.68  1185.96  2113.16  1132.52 7.59506 0.25 6.13342 1
1669.96  1402.42  1964.37  1204.06 6.11741 0.25 173.993 1
10.0266  10.9995  10.0865  135 2.05888 0.25 21.8416 1
2813.53  1045.9  2603.69  1170.17 2.67635 0.25 80.4456 1
1956.58  1170.39  1620.73  1402.61 2.81945 0.25 125.483 1
2085.43  1483.74  2335.62  1340.09 7.0783 0.25 174.436 1
1820.81  1363.76  1967.15  1400.39 2.94422 0.25 52.4307 1
2672.65  438.541  1978.62  964.505 4.00995 0.25 334.81 1
2813.29  1451.59  2452.69  1628.36 2.39505 0.25 107.642 1
1917.03  1356.88  2098.94  1405.22 3.04344 0.25 71.0946 1
1920.9  1437.39  2019.14  1462.46 3.0867 0.25 26.2277 1
1868.93  1365.29  2051.14  1412.47 3.04241 0.25 63.139 1
1040.83  1870.23  797.053  1836.62 2.60083 0.25 75.6724 1
1982.96  1399.16  1868.76  1369.93 3.14932 0.25 42.1957 1
2813.59  329.78  2717.18  403.231 2.95687 0.25 33.2667 1
1920.77  1427.91  2016.73  1452.07 2.91629 0.25 25.1627 1
1928.63  1560.32  1357.5  1869.91 2.716 0.25 118.458 1
2788.89  1718.74  2427.34  1869.81 2.8637 0.25 65.1201 1
2695.18  1694.24  2787.36  1715.44 4.36685 0.25 29.4114 1
1952.69  1850.31  2006.69  1826.3 3.25049 0.25 1.4778 1
825.087  1836.36  1054.93  1867.5 2.90306 0.25 49.882 1
1916.76  1411.98  1836.74  1392.05 2.97853 0.25 21.7257 1
2647.8  1544.62  2813.84  1462.71 4.59267 0.25 38.6559 1
2637.79  1170.33  2813.93  1066.59 5.03206 0.25 67.5318 1
2085  1539  2187.02  1562.9 2.89406 0.25 18.9756 1
12.7828  152.919  65.197  13.0738 10.0806 0.25 13.5291 1
786.427  1830.98  1347.34  1427.48 8.50305 0.25 102.664 1
13.1489  1456.26  355.019  1524.91 3.6541 0.25 96.8743 1
1953.27  1173.39  1680.55  1362.35 6.76121 0.25 79.4836 1
2304.14  1334.95  2064.1  1474.88 6.20692 0.25 145.189 1
2305.15  1365.27  2143.68  1458.18 3.61322 0.25 7.17034 1
2406.29  1204.18  2457.81  1147.74 7.44497 0.25 6.26745 1
2812.81  1048.69  2652.31  1143.83 3.58097 0.25 71.3505 1
2813.43  1453.88  2479.14  1617.28 2.99096 0.25 129.376 1
2112.9  1470.83  2283.08  1373.13 2.05622 0.25 45.5084 1
1883.02  1587.04  1454.92  1818.85 4.59774 0.25 167.757 1
2014.68  1830.27  1925.36  1869.81 2.72545 0.25 25.6404 1
978.206  852.308  717.387  1151.34 2.85543 0.25 105.14 1
2652.85  1136.74  2813.29  1041.48 4.13656 0.25 65.0117 1
2795.33  1717.8  2586.77  1804.46 4.54008 0.25 61.7441 1
1281.38  1477.52  1337.15  1437.21 2 0.25 6.37446 1
658.014  1216.38  240.554  1692.61 6.38702 0.25 114.679 1
2539.1  1583.2  2592.79  1556.58 2 0.25 0.955924 1
2601.1  1553.2  2674.77  1516.54 2 0.25 7.57858 1
752.755  1222.01  707.014  1210.94 3.00872 0.25 2.03521 1
2417.36  1869.87  2737.23  1737.55 2.99792 0.25 107.416 1
2007.03  1822.8  1893.11  1804.31 3.42141 0.25 11.5178 1
629.844  1239.99  652.306  1214.39 3.38052 0.25 2.16004 1
1031.09  1654.52  839.104  1620.42 2.88907 0.25 26.2453 1
1719.1  1774.4  1595.56  1753.64 2.037 0.25 22.1374 1
136.063  12.6216  33.3011  267.122 3.17698 0.25 79.5212 1
455.304  1147.77  393.152  1132.39 2.97966 0.25 10.8448 1
1597.33  1749.11  1702.93  1767.39 3.7121 0.25 6.76103 1
2774.27  1733.31  2802.25  1721.26 5.7937 0.25 1.45775 1
388.972  1131.11  308.578  1110.66 2.16589 0.25 10.8448 1
1664.94  1499.25  1731.21  1514.07 2.72346 0.25 5.82436 1
2772.47  400.335  2813.44  367.547 2.37046 0.25 1.45845 1
1589.07  1233.09  1706.58  1144.44 2.46539 0.25 26.7958 1
1355.38  1429.53  786.206  1838.68 4.03919 0.25 252.309 1
2432.9  1638.78  2021.32  1827.71 4.09376 0.25 179.684 1
1166.9  1679.52  613.035  1578.81 3.75166 0.25 70.4797 1
666.963  1201.15  12.8928  1035.42 3.01371 0.25 195.202 1
2428.74  1624.1  2071.04  1540.84 3.08995 0.25 67.6388 1
2374.38  1293.37  2056.61  1478.32 4.41344 0.25 159.127 1
608.757  1578.25  202.979  1499.11 2.53606 0.25 35.381 1
1576.91  1749.54  1296.98  1703.14 2.71501 0.25 35.3196 1
1708.54  12.3399  470.364  1432.19 4.52834 0.25 829.035 1
1968.39  1206.86  2296.08  1302.92 4.76452 0.25 889.264 2
2371.85  1239.54  2105.54  1154.27 15.4036 0.25 318.6 2
1794.6  1173.66  1861.99  1201.71 6.6879 0.25 194.361 2
2134.59  1118.24  2403.93  1207.25 11.589 0.25 953.22 2
1826.33  1201.26  1631.41  1339.37 1.45363 0.25 105.475 2
1571.23  1645.56  1634.34  1602.18 11.6462 0.25 73.0989 2
1879.63  1538.92  1574.02  1471.15 6.16013 0.25 41.1515 2
2420.04  1203.9  2376.07  1237.48 12.2395 0.25 182.185 2
2463.22  1158.82  2424.9  1203.69 7.34937 0.25 31.225 2
1648.88  1452.9  1915.04  1515.47 7.54772 0.25 275.573 2
1553.29  1348.58  1796.46  1172.07 5.99268 0.25 844.079 2
2813.31  473.111  2045.14  22.4024 5.98226 0.25 776.232 2
1669.43  1463.82  1651.59  1460.05 3.08884 0.25 10.2311 2
1914.63  1519.92  1880.49  1512.55 2.85524 0.25 20.8583 2
1831.71  1199.38  1607.4  1358.35 3.93001 0.25 578.73 2
1860.37  1201.9  1621.66  1370.3 6.16056 0.25 967.698 2
2543.98  812.465  2411.75  922.161 27.338 0.25 360.697 2
2680.28  1837.19  2654.36  1855.31 2.54649 0.25 10.7975 2
1394.24  1646.7  1570.27  1653.02 27.4743 0.25 69.8977 2
1993  1516.52  2366.63  1299.44 10.946 0.25 195.839 2
1939.64  1500.95  1799.43  1465.79 2.72096 0.25 174.587 2
1988.73  1482.55  1677.87  1406.97 6.31543 0.25 1080.53 2
2011.72  1178.81  2239.54  1250.37 6.24397 0.25 293.024 2
1592.12  1362.77  1551.32  1348.21 12.5103 0.25 67.8122 2
2311.66  1276.99  1970.95  1172.05 4.35871 0.25 613.358 2
2005.29  1583  2639.51  1225.06 12.5226 0.25 31.8792 2
2310.46  1239.75  2076.87  1165.21 10.4572 0.25 1386.36 2
2628.09  991.148  2682.48  967.455 7.21629 0.25 25.8278 2
1437.64  1449.85  1633.65  1493.84 3.36511 0.25 190.538 2
2812.92  1303.32  2623.8  1235.67 3.67581 0.25 358.739 2
1891.62  1343.05  2107.4  1399.88 1.23464 0.25 88.4659 2
2634.2  788.481  2540.7  816.166 13.6432 0.25 535.506 2
226.501  1749.49  783.486  1834.59 2.88901 0.25 320.94 2
1967.57  1408.22  1820.4  1370.89 1.74876 0.25 102.294 2
2728.53  941.183  2786.24  854.314 24.6222 0.25 141.683 2
2738.02  947.881  2804.64  849.294 16.6159 0.25 80.9386 2
2437.77  1138.72  2264.68  1078.98 2.74681 0.25 2.9477 2
2077.34  1355.09  1948.32  1320.15 1.5493 0.25 90.8674 2
2702.51  789.987  2628.48  788.999 13.4381 0.25 402.067 2
2096.31  1412.2  1976.55  1380.32 1.51861 0.25 68.2713 2
2770.7  829.267  2703.22  785.325 22.3923 0.25 253.195 2
2048.54  1409.33  1868.46  1362.64 1.6517 0.25 124.559 2
1374.01  1378.8  1894.47  982.455 14.8246 0.25 675.427 2
1863.65  1013.69  1344.93  1408.75 3.83365 0.25 810.966 2
2002.4  969.033  2316.91  1084.1 10.3765 0.25 61.6978 2
2013.47  1458.6  1920.41  1434.84 1.1132 0.25 23.3634 2
81.0136  16.7075  57.2999  75.4192 2.40716 0.25 34.4637 2
2599.27  1247.13  2812.62  1324.17 5.99533 0.25 307.67 2
2101.32  1403.17  1940.52  1360.44 1.62096 0.25 80.6642 2
2641.8  1215.6  2503.35  1277.94 20.189 0.25 47.946 2
2795.83  829.738  2746.29  792.463 15.3636 0.25 57.6422 2
2780.83  843.451  2744.77  802.387 9.89827 0.25 116.575 2
2711.02  408.871  2815.26  329.499 4.3702 0.25 149.618 2
1987.75  958.504  2406.58  641.604 4.78474 0.25 485.481 2
2408.19  640.091  2673.15  437.042 5.60799 0.25 376.306 2
1636.6  1561.47  1449.57  1559.36 17.117 0.25 220.49 2
2123.18  1169.49  2356.83  1244.57 5.63763 0.25 816.649 2
1832.65  1199.3  1667.27  1316.58 4.71801 0.25 537.125 2
1861.17  1201.61  1673.02  1334.24 6.54198 0.25 810.856 2
1743.42  1401.84  1701.57  1392.19 2.17512 0.25 34.0303 2
1761.51  1396.46  1711.59  1385.12 2.26252 0.25 44.4836 2
1797.67  1385.81  1734.69  1370.71 2.26513 0.25 66.54 2
1839.32  1376.25  1755.66  1355.86 2.61459 0.25 109.536 2
1855.32  1370.22  1766.78  1348.36 2.79328 0.25 103.185 2
1875.58  1365.18  1778.6  1341.12 2.74239 0.25 132.919 2
1895.39  1359.92  1790.51  1333.45 2.44705 0.25 121.171 2
1913.35  1354.09  1800.73  1325.6 2.91978 0.25 137.92 2
1953.52  1343.42  1824.53  1310.38 2.90615 0.25 178.385 2
1973.36  1338.04  1834.84  1302.2 2.98562 0.25 205.383 2
1990.64  1331.97  1846.78  1294.41 3.36948 0.25 212.811 2
1995.7  1322.73  1858.75  1286.54 3.41143 0.25 226.506 2
1991.66  1310.91  1870.75  1278.57 3.51647 0.25 215.069 2
1990.47  1299.61  1881.85  1270.22 3.75882 0.25 203.753 2
1986.49  1287.54  1893.87  1262.15 3.93573 0.25 189.093 2
1982.11  1274.93  1905.96  1253.85 3.91582 0.25 155.11 2
1978.3  1262.22  1918.71  1245.75 4.39346 0.25 130.52 2
1976.36  1250.01  1929.95  1236.89 4.3734 0.25 86.8047 2
1972.58  1237.22  1943.99  1228.82 4.57597 0.25 56.8327 2
13.4254  1451.5  13.3438  1869.5 1.08162 0.25 236.263 2
2442.01  910.772  2447.38  959.95 10.1934 0.25 83.9594 2
2334.88  1344.14  2387.34  1352.53 7.47286 0.25 81.1932 2
1599.98  1631.35  1625.8  1608.85 7.05447 0.25 67.5361 2
2539.75  1182.79  2461.6  1155.22 2.11891 0.25 86.0399 2
2412.48  1208.34  2389.42  1228.55 5.16273 0.25 65.8974 2
2462.62  1151.15  2539.54  1178.38 1.99568 0.25 76.4624 2
2712.66  1517.83  2814.83  1469.19 3.17892 0.25 49.6488 2
71.5848  340.253  25.5252  324.427 1.56649 0.25 6.0142 2
1113.85  704.489  73.7951  340.656 3.11717 0.25 1477.49 2
27.5119  318.315  1906.68  977.839 6.28803 0.25 1695.97 2
16.9498  1034.66  488.42  1154.81 5.52959 0.25 432.513 2
523.281  1163.38  1372.73  1374.6 4.58493 0.25 437.129 2
2805.63  343.677  2661.37  453.334 1 0.25 4.62036 2
12.5  1062.5  12.5  1367.5 1 0.25 40.1942 2
378.797  1535.63  1700.31  17.4615 9.36408 0.25 1119.86 2
1945.36  1502.08  1606.76  1421.6 5.15656 0.25 515.81 2
2274.18  1312.59  1955.95  1219.94 4.42047 0.25 759.636 2
1615.54  1418.32  1983.78  1506.34 5.05333 0.25 400.078 2
2737.41  1491.31  2814.79  1454.09 2.75827 0.25 53.0781 2
2025.28  1826.18  2204.27  1743.01 4.27781 0.25 12.2963 2
2301.22  1322.1  1745.95  1404.5 190.218 0.25 1227.83 2
1989.75  1483.6  1750.54  1425.43 8.8036 0.25 924.946 2
1897.63  1478.18  1883.2  1480.95 6.26946 0.25 4.60406 2
2292.06  1271.69  2214.17  1247.35 4.59401 0.25 116.848 2
1923.08  1497.27  1759.08  1458.25 6.65173 0.25 235.899 2
2048.91  17.0963  2812.61  464.317 9.74361 0.25 207.227 2
2758.3  1872.99  2815.52  1854.69 6.01935 0.25 77.9036 2
418.42  1541.94  721.516  1597.42 3.43385 0.25 54.7795 2
1187.51  15.6614  1172.5  15.596 3.0653 0.25 12.094 2
1987.5  15.6471  1896.5  15.6025 3.04458 0.25 148.762 2
2127.52  16.075  2084.49  15.5037 10.1584 0.25 34.1544 2
2446.76  961.781  2499.19  992.031 13.0595 0.25 45.5354 2
15.2858  208.499  15.3242  267.501 4.03839 0.25 127.69 2
2394.03  1352.67  2317.62  1395.95 5.39271 0.25 211.799 2
2455.74  898.216  2444.23  922.981 7.71238 0.25 57.0559 2
1600.87  1638.85  1628.94  1608.98 6.55765 0.25 48.3374 2
2411.77  1209.66  2463.65  1152.64 5.16553 0.25 40.9504 2
132.501  15.7098  108.499  15.7209 3.01063 0.25 28.3497 2
2447.39  1183.51  2388.48  1235.48 5.38064 0.25 103.227 2
2815.47  1054.14  2651.28  1151.45 6.53953 0.25 289.194 2
2342.78  1283.58  2372.19  1292.51 4.54367 0.25 10.5432 2
763.452  1838.81  27.4034  1724.12 4.95203 0.25 760.494 2
2282.39  1416.51  2120.34  1507.21 5.7566 0.25 524.267 2
2814.92  1458.36  2452.07  1637.67 7.49949 0.25 296.841 2
2089.87  1490.15  2339.92  1346.48 5.96265 0.25 792.885 2
2584  990.616  2600.08  987.804 8.69332 0.25 32.0818 2
2679.22  443.131  2032.39  933.996 7.27624 0.25 949.129 2
2122.48  1502.45  2090.72  1486.94 12.8715 0.25 25.7781 2
2539.81  1184.62  2461.38  1156.84 2.16165 0.25 85.8058 2
2027.05  932.22  2674.28  440.529 3.87274 0.25 1315.56 2
987.209  851.371  676.597  1206.58 5.59999 0.25 594.417 2
1016.3  1871.91  799.32  1841.8 4.57257 0.25 309.701 2
1435.21  1450.74  1555.72  1478.54 3.5981 0.25 104.759 2
2438.22  1643.89  2027.91  1832.4 5.13561 0.25 399.883 2
227.429  1751.97  787.188  1836.57 5.01774 0.25 547.689 2
1303.51  1362.44  761.414  1229.85 4.32722 0.25 596.762 2
2464.54  1153.4  2539.69  1179.97 1.66637 0.25 59.4695 2
2016.94  1836.5  1937.18  1872.02 3.9315 0.25 98.0322 2
18.4413  1715.84  160.379  1740.21 2.26569 0.25 142.224 2
754.426  1222.8  1185.31  1330.25 4.76667 0.25 445.183 2
2773.53  1733.57  2441.06  1871.85 5.98913 0.25 45.8159 2
1927.87  1871.31  2019.26  1829.96 6.77097 0.25 20.795 2
1027.63  676.133  900.464  631.604 1.46493 0.25 74.1336 2
2764.34  371.291  2815  333.163 2.98111 0.25 66.5183 2
1885.31  1588.16  1935.53  1560.55 3.19818 0.25 27.2676 2
2421.33  928.361  2420.27  952.534 6.90576 0.25 34.545 2
160.556  1740.17  186.654  1744.59 2.1553 0.25 15.8716 2
2772.94  1872  2814.85  1859.71 6.33523 0.25 67.9122 2
2366.39  1294.86  2326.84  1283.32 3.55973 0.25 28.299 2
140.155  18.3607  39.5171  267.91 5.64347 0.25 97.6395 2
198.244  386.232  44.1807  332.414 3.08423 0.25 149.882 2
2430.85  1871.34  2586.46  1806.41 4.89184 0.25 40.0495 2
2710.72  1702.56  2784.27  1719.51 2.71697 0.25 77.2665 2
2656.74  1549  2814.76  1472.04 5.95551 0.25 116.38 2
1175.26  1685.79  1070.46  1666.71 3.15227 0.25 59.0525 2
2421.76  951.407  2428.74  970.773 5.19729 0.25 2.63939 2
320.899  1611.85  255.44  1686.57 4.23966 0.25 33.0035 2
1652.11  1601.15  1642.25  1574.85 7.49199 0.25 4.96445 2
2452.89  1630.38  2478.73  1619.01 4.35626 0.25 0.743121 2
757.313  1227.26  713.512  1216.45 2.87386 0.25 29.7328 2
68.2802  52.4126  57.2315  80.1887 4.47664 0.25 5.64791 2
1411.59  1844.67  1454.61  1821.71 1.88348 0.25 21.4912 2
544.427  1569.88  468.698  1555.46 3.13411 0.25 16.2939 2
1363.57  1870.63  1409.69  1845.85 1.50738 0.25 17.3802 2
1989.32  1824.59  1912.45  1811.78 3.61698 0.25 23.6563 2
2655.02  1168.39  2814.96  1074.28 4.16592 0.25 94.5942 2
18.6426  1461.8  202.404  1498.97 3.19556 0.25 154.422 2
761.604  1230.49  748.361  1245.27 3.28957 0.25 10.1296 2
2123.43  1476.38  2109.47  1484.45 2.00508 0.25 1.06313 2
270.897  1697.83  230.677  1745.81 1.51949 0.25 12.1443 2
1423.37  814.867  1384.85  801.481 1.80872 0.25 11.8447 2
2412.61  1356.7  2438.27  1342.1 1.46205 0.25 4.00438 2
339.562  1530.18  157.734  1494.32 2.97789 0.25 54.4497 2
2441.71  986.596  2489.45  1004.64 8.12535 0.25 3.0116 2
199.799  1741.05  239.929  1693.87 7.31183 0.25 0.885833 2
1538.27  855.164  1489.9  838.343 2.0947 0.25 24.3718 2
2490.42  1003.62  2499.66  1004.29 3.20421 0.25 3.06313 2
1696.8  1161.56  1720.15  1144.03 1.40359 0.25 0.95067 2
2228.04  1417.69  2164.15  1453.87 2.96795 0.25 1.30117 2
15.4332  139.5  15.2971  1454.5 5.03892 0.25 3821.4 2
1361.29  1433.59  814.187  1827.84 4.25603 0.25 607.399 2
1683.83  51.0472  1149.94  664.754 5.42298 0.25 1502.09 2
1554.5  198.763  1355.27  428.437 5.20822 0.25 571.138 2
2132.32  1402.19  1812.69  1317.78 4.14839 0.25 468.657 2
2006.73  1476.57  1691.66  1398.83 4.42497 0.25 294.819 2
1934.82  1566.09  1369.56  1872.45 3.41349 0.25 827.32 2
1342.96  1372.65  33.1241  1046.01 4.58833 0.25 713.617 2
2387.03  1355.45  2122.39  1503.3 11.1686 0.25 326.598 2
2584.1  1004.66  2732.17  934.795 16.3427 0.25 256.852 2
1699.1  1140.97  1392.1  1374.3 6.17857 0.25 427.053 2
15.2372  15.4998  15.6392  1870.5 7.32266 0.25 3117.06 2
18.4208  1713.97  200.138  1744.65 6.90045 0.25 139.981 2
2378.15  1299.61  2091.26  1467.38 6.28021 0.25 679.288 2
2766.32  1814.84  2691.61  1835.26 7.08828 0.25 130.915 2
2814.68  1306  2662.71  1251.9 5.30215 0.25 153.993 2
1711.62  1143.33  1428.39  1356.35 6.4956 0.25 144.555 2
2789.05  1808.56  2696.15  1829.96 4.54919 0.25 81.3951 2
999.488  1653.57  693.389  1598.11 2.65116 0.25 67.3206 2
2814.73  1811.44  2767.32  1815.18 6.13276 0.25 116.044 2
2296.53  1081.41  1993.79  971.69 3.15003 0.25 422.068 2
2814.64  1712.86  2674.65  1682.81 4.43712 0.25 133.323 2
2039.96  1456.67  1722.65  1377.91 4.48219 0.25 428.125 2
2816.08  338.586  2046.79  919.879 5.76192 0.25 642.304 2
1836.4  1611.32  1930.05  1559.69 2.571 0.25 13.8735 2
467.38  1555.11  140.635  1490.81 2.55811 0.25 65.5554 2
2814.5  15.25  64.4998  15.4794 6.05773 0.25 6940.21 2
1879.07  972.873  198.974  386.144 4.6435 0.25 1709.77 2
661.844  1221.93  200.002  1748.94 3.69477 0.25 473.016 2
796.943  1843.04  17.2017  1720.4 6.70011 0.25 481.302 2
