513
24.4819  430.404  20.4376  431.171 3.93 0.0625 1.63499 0
272.476  35.0064  310.514  34.3891 4.4376 0.25 46.5007 0
343.494  426.086  272.48  427.054 3.32683 0.25 104.087 0
388.497  33.6802  418.507  33.578 4.05449 0.25 19.7358 0
20.1472  348.569  21.6387  334.515 4.0832 0.25 9.28431 0
242.517  427.292  218.464  427.796 4.04107 0.25 17.1529 0
18.9289  396.526  19.183  382.494 3.99934 0.25 9.28431 0
207.507  427.984  178.489  428.119 4.04661 0.25 34.187 0
29.6689  100.529  30.3688  72.4469 3.62501 0.25 33.1013 0
218.352  428.47  208.426  427.975 4.49308 0.25 5.08979 0
311.499  34.4234  342.5  34.4106 4.00165 0.25 27.8337 0
22.0764  302.529  23.0933  282.429 4.29806 0.25 16.6494 0
271.552  427.423  259.435  426.836 5.04255 0.25 0.417961 0
26.0046  188.539  27.0877  174.392 4.98541 0.25 7.24986 0
181.5  35.4523  271.5  35.4498 4.00213 0.25 107.964 0
355.503  426.056  342.492  426.136 3.04303 0.25 10.3387 0
17.9819  426.455  18.4888  409.47 4.23687 0.25 24.6367 0
418.128  32.5174  436.556  425.544 2.93828 0.25 600.545 0
23.6426  281.502  23.7834  271.476 2.01384 0.015625 16.8037 0
341.5  374.432  362.502  374.412 4.00879 0.25 32.9109 0
374.498  335.341  339.505  335.859 2.76304 0.25 46.3709 0
29.6352  132.498  29.6815  108.498 1.04635 0.25 0.10372 0
42.4917  85.8917  78.5113  85.7064 4.1594 0.25 39.4962 0
129.504  85.5156  146.504  85.4424 3.00859 0.25 16.9614 0
186.5  374.507  151.493  374.953 3.02524 0.25 44.1764 0
225.497  119.149  259.503  118.84 3.26341 0.25 28.1275 0
400.502  83.7216  369.495  84.0248 4.16601 0.25 26.1573 0
109.519  375.156  87.4222  375.791 4.02706 0.25 13.1454 0
363.484  374.276  377.508  374.092 4.03907 0.25 3.36658 0
224.508  336.142  189.501  336.56 4.10718 0.25 33.517 0
407.506  373.415  383.497  373.485 3.96235 0.25 40.022 0
297.525  335.926  265.482  336.483 3.36397 0.25 37.1712 0
262.489  84.6922  295.51  84.2226 3.22719 0.25 43.9795 0
23.274  241.526  24.4306  206.498 1.00884 0.25 7.32844 0
187.5  84.4695  153.5  84.5985 3.99238 0.25 20.1343 0
338.5  374.18  303.499  374.142 2.03462 0.25 27.7985 0
304.493  412.816  329.501  412.566 1.24959 0.25 1.30784 0
81.4852  120.692  114.511  120.089 3.1456 0.25 45.8603 0
113.496  375.353  148.524  374.493 4.92485 0.25 29.2361 0
261.5  298.714  226.5  298.73 1.01604 0.25 6.12432 0
316.509  84.4474  297.501  84.6253 4.06531 0.25 9.12585 0
400.491  334.943  411.507  335.163 3.17931 0.03125 3.15127 0
236.558  154.825  225.468  153.875 1.9927 0.0625 5.4248 0
242.497  413.759  254.501  413.716 1.04335 0.0078125 13.048 0
282.442  48.7268  263.462  49.3503 2.36008 0.25 9.13462 0
331.509  84.0286  317.478  84.2795 2.23214 0.25 3.11402 0
189.495  298.846  224.508  298.59 4.18973 0.25 26.0848 0
112.486  226.453  79.4919  226.894 3.06655 0.25 45.8603 0
237.409  413.537  241.64  413.911 2.80882 0.0625 1.36197 0
300.868  296.5  300.862  263.5 2.00522 0.25 26.5944 0
114.436  299.169  121.752  299.87 5.45435 0.125 0.683333 0
374.494  188.949  404.49  188.623 3.02158 0.25 39.8397 0
263.498  225.413  296.528  224.509 3.43636 0.25 42.051 0
69.4932  51.0178  55.496  51.2162 3.05639 0.25 6.4635 0
70.4804  416.989  90.5276  416.219 3.03617 0.25 7.68028 0
187.5  225.776  152.499  225.813 4.00421 0.25 34.0124 0
152.506  190.107  186.512  189.795 3.14639 0.25 49.8359 0
42.5078  301.71  65.5133  300.86 1.11013 0.25 1.9099 0
116.5  226.488  149.5  226.588 3.02111 0.25 45.8603 0
244.501  373.972  227.499  374.022 2.01766 0.25 6.72638 0
235.477  336.148  243.531  336.259 5.98572 0.25 11.177 0
357.485  84.0776  366.509  83.7472 1.25542 0.03125 8.23153 0
149.517  261.428  122.489  261.937 4.24391 0.25 11.6552 0
150.481  415.856  188.45  414.756 2.34656 0.25 38.0335 0
296.508  261.002  288.478  261.132 2.01585 0.03125 11.2418 0
302.498  335.918  336.504  335.815 3.09079 0.25 45.773 0
73.4927  337.993  35.5006  338.542 3.1731 0.25 32.0497 0
344.507  83.3879  356.522  84.1622 2.60794 0.0625 14.922 0
153.45  85.4988  152.651  117.479 2.47406 0.25 28.4547 0
76.4997  191.301  39.4998  191.354 3.01296 0.25 49.3611 0
351.693  260.734  339.064  262.71 5.77334 0.25 8.25981 0
416.705  51.4834  417.679  63.4855 1.91258 0.0625 2.93406 0
261.805  172.501  261.786  162.499 2.00547 0.125 4.61917 0
47.4466  156.308  67.5854  155.406 4.72652 0.25 17.3363 0
77.5194  262.918  96.4983  263.55 1.29909 0.25 0.10372 0
239.341  261.912  249.539  260.889 4.17959 0.0625 16.3794 0
375.5  260.965  407.5  260.95 3.01148 0.25 40.9911 0
226.763  375.495  227.389  409.502 2.38627 0.25 30.2067 0
113.515  155.062  89.4789  155.684 2.43918 0.25 24.7882 0
44.1762  51.5191  43.2419  84.521 2.65919 0.25 34.095 0
39.9269  192.516  38.6696  226.506 2.48045 0.25 32.6305 0
102.469  415.603  110.494  415.324 6.20501 0.0625 3.87986 0
186.502  154.215  153.497  154.304 2.08834 0.25 26.5944 0
296.735  83.485  297.206  59.4942 3.19574 0.25 25.1925 0
323.54  224.696  319.401  224.49 3.1455 0.0625 2.51196 0
333.831  115.503  333.702  88.499 2.07161 0.25 17.1418 0
225.888  85.5153  225.058  106.522 2.03793 0.25 12.1449 0
340.617  340.498  341.242  372.505 2.37094 0.25 22.8676 0
427.875  297.481  433.81  417.485 1.53606 0.25 77.975 0
263.759  262.5  263.738  297.5 2.00729 0.25 26.6661 0
194.479  225.506  204.517  225.29 4.08495 0.03125 19.935 0
139.513  120.821  116.499  120.637 3.14323 0.25 23.4571 0
225.943  140.508  225.746  126.497 2.05595 0.25 3.71608 0
280.471  261.051  272.504  261.557 2.05942 0.0625 4.9202 0
369.043  84.4822  369.863  109.488 1.96615 0.25 13.5783 0
37.7763  264.509  36.5818  299.503 2.5447 0.25 38.6013 0
205.456  225.399  222.509  224.722 3.47417 0.25 5.91263 0
226.813  373.501  226.888  344.498 2.02073 0.25 19.5202 0
301.439  299.502  302.556  334.498 1.99898 0.25 27.7985 0
405.528  224.017  373.492  224.218 8.08152 0.25 35.1511 0
264.805  357.49  264.712  372.501 1.99996 0.25 4.9202 0
338.505  298.817  372.512  298.317 2.61742 0.25 38.5218 0
116.407  107.542  116.714  93.461 4.21754 0.25 12.6707 0
77.9146  228.499  77.8887  260.5 3.0105 0.25 44.0541 0
120.477  155.082  124.589  155.244 4.03622 0.03125 5.35859 0
336.882  243.507  336.704  227.498 2.06683 0.25 6.12432 0
370.501  189.16  349.495  189.094 2.99999 0.25 13.9942 0
226.488  189.237  240.517  189.46 4.96754 0.25 10.0631 0
302.772  372.501  302.738  337.5 2.00784 0.25 29.0026 0
299.623  226.499  299.916  251.519 1.97641 0.25 16.9614 0
79.0299  142.519  79.8022  121.474 3.32805 0.25 19.3425 0
73.9304  390.479  73.6511  411.502 3.03959 0.25 24.7882 0
116.88  118.504  117.01  107.482 2.09413 0.25 0.10372 0
152.566  152.507  153.703  141.418 2.09159 0.25 0.70578 0
189.132  190.496  188.749  224.503 2.27041 0.25 25.4742 0
226.687  299.5  226.76  334.499 2.03576 0.25 26.0701 0
297.681  91.5026  297.766  118.499 2.04408 0.25 15.9533 0
408.5  298.51  377.495  297.685 2.57332 0.25 27.5886 0
261.587  119.497  262.157  137.511 2.15713 0.25 6.47186 0
298.681  155.5  298.75  187.502 2.02134 0.25 23.0914 0
303.698  375.499  303.877  407.503 2.0953 0.25 25.3902 0
320.495  187.993  332.504  188.108 3.05733 0.25 0.26567 0
264.774  341.499  264.752  356.5 1.02097 0.03125 5.56314 0
188.978  337.493  189.477  373.5 2.30491 0.25 33.2273 0
225.89  155.497  225.731  188.501 2.06755 0.25 23.6869 0
342.441  403.504  341.795  393.546 2.25482 0.0625 3.57029 0
240.768  189.66  259.516  192.388 2.98702 0.25 13.4875 0
341.496  153.54  348.505  153.508 5.01789 0.03125 6.10356 0
189.794  263.482  188.924  297.485 2.84565 0.25 31.1645 0
188.056  384.562  188.961  376.44 5.30159 0.25 3.70575 0
77.0312  301.484  75.8554  336.512 2.03243 0.25 27.2622 0
308.605  154.387  302.284  153.79 4.54605 0.125 3.23937 0
76.7948  273.583  76.0586  267.317 4.96584 0.125 3.69766 0
418.045  87.5212  427.792  296.486 1.61031 0.25 149.884 0
78.7787  224.5  78.758  192.5 2.01937 0.25 23.0914 0
226.194  226.503  226.486  260.5 3.05999 0.25 34.0193 0
189.682  260.5  189.738  227.499 1.05474 0.25 6.12432 0
226.157  223.493  226.504  206.5 2.1632 0.25 7.06274 0
113.542  328.504  114.685  317.519 1.88583 0.125 2.44891 0
151.682  373.5  151.676  341.5 1.00558 0.25 5.52226 0
152.802  156.497  152.751  188.5 2.04318 0.25 25.3902 0
213.203  153.318  219.45  153.975 2.4022 0.0625 1.63499 0
394.488  412.029  401.509  411.855 1.1479 0.03125 2.21093 0
80.1163  156.494  79.6369  189.502 3.2611 0.25 44.3091 0
369.648  75.6294  368.382  57.5083 2.43493 0.25 10.5405 0
112.513  416.508  112.832  375.503 2.76656 0.25 50.15 0
299.074  147.516  298.5  132.5 1.99854 0.125 3.51178 0
335.503  153.572  341.567  153.353 4.06958 0.0625 7.37178 0
81.6574  72.5005  81.7301  51.4939 2.00345 0.25 8.2081 0
151.73  300.5  151.696  335.5 2.01548 0.25 26.0701 0
116.736  121.499  116.68  153.5 2.01392 0.25 25.3902 0
378.5  334.474  399.5  334.508 1.00987 0.03125 14.4482 0
405.064  89.6139  403.626  71.49 2.43705 0.25 2.41173 0
226.727  295.5  226.744  277.499 1.01723 0.0625 8.53256 0
227.526  262.395  241.431  265.783 2.60392 0.25 3.16316 0
326.5  154.696  309.499  154.715 1.01897 0.03125 7.57792 0
336.597  186.702  335.629  177.592 3.51116 0.125 1.53426 0
78.5  87.5  78.5  119.5 1 0.25 5.52226 0
115.772  191.501  115.696  223.5 2.01889 0.25 24.7882 0
225.845  80.5046  225.622  48.4992 1.98602 0.25 23.0914 0
117.907  51.5028  117.678  84.5012 3.04839 0.25 43.3817 0
189.845  117.503  189.685  86.499 3.01028 0.25 40.3936 0
116.66  188.5  116.717  157.499 2.0074 0.25 19.3345 0
334.61  120.498  335.092  151.506 2.34153 0.25 23.6869 0
113.454  192.5  113.502  224.5 1.01794 0.25 5.52226 0
224.511  47.7715  188.505  47.2095 1.67202 0.25 7.58771 0
340.447  279.494  338.435  296.492 3.0439 0.25 6.55684 0
66.5124  157.587  76.4536  156.174 3.16393 0.125 2.69835 0
189.737  51.4988  189.687  83.5003 2.01093 0.25 25.3902 0
408.231  162.597  406.845  144.474 2.15243 0.25 4.29928 0
189.778  120.49  189.614  149.495 2.09082 0.25 18.3307 0
226.838  275.505  226.755  263.498 2.03474 0.125 1.56893 0
189.709  187.502  189.65  156.5 1.05758 0.25 4.9202 0
300.016  209.557  299.479  195.501 1.96036 0.25 0.582541 0
337.541  225.111  344.708  224.635 2.32237 0.0625 1.36197 0
372.994  292.513  373.522  272.527 1.9993 0.0625 1.89277 0
170.493  121.382  186.497  120.442 1.40853 0.25 0.10372 0
356.5  226.502  362.537  227.157 1.98834 0.0625 1.30784 0
187.584  238.498  187.255  227.448 1.05857 0.0625 0.10372 0
149.5  373.5  149.5  337.5 1 0.25 7.9305 0
189.66  335.5  189.669  300.5 1.00871 0.25 7.32844 0
418.53  335.499  419.397  353.457 2.33511 0.25 9.73668 0
189.561  415.507  189.696  394.501 1.98704 0.25 1.87278 0
338.494  228.419  355.551  227.245 2.88772 0.25 7.03013 0
114.712  263.5  114.675  297.5 2.01328 0.25 27.1964 0
149.5  300.5  149.5  324.5 1 0.25 0.70578 0
155.497  62.6505  187.504  63.3266 3.54844 0.25 21.3214 0
345.491  223.295  368.49  223.41 3.07966 0.25 22.8676 0
224.572  296.499  224.314  268.492 1.04613 0.25 3.11402 0
224.51  300.5  224.475  333.501 1 0.25 6.12432 0
259.488  117.5  259.497  93.5 1.00399 0.25 0.70578 0
153.615  139.5  153.656  121.5 1.03918 0.125 2.81299 0
421.095  389.564  422.056  410.566 2.31067 0.25 15.1552 0
366.776  81.493  365.964  49.4882 1.17716 0.25 8.53256 0
411.359  177.507  414.9  252.528 3.2324 0.25 91.356 0
41.4844  51.4999  41.326  69.5073 1.11435 0.0625 2.01288 0
171.499  118.457  186.509  118.279 1.53546 0.0625 3.71608 0
337.123  327.476  336.179  303.473 1.95916 0.25 3.32278 0
41.4504  70.524  39.859  133.509 2.1363 0.25 44.3258 0
190.502  155.454  222.572  156.967 2.94044 0.25 27.9353 0
385.559  48.2092  368.412  47.4291 4.31402 0.25 8.76692 0
297.372  228.294  273.324  230.84 4.65636 0.25 11.1215 0
367.5  45.4295  331.5  45.5349 1.01463 0.25 6.72638 0
223.517  157.5  223.445  187.5 1.01213 0.25 4.31814 0
149.5  297.5  149.5  263.5 1 0.25 6.72638 0
187.506  49.8641  155.498  50.4024 1.9829 0.25 14.9064 0
301.453  192.336  332.523  191.074 2.13544 0.25 25.9923 0
245.505  33.095  271.501  33.4313 1.32331 0.0625 9.41866 0
36.4359  215.5  36.525  235.5 1.01335 0.0625 10.9408 0
74.4892  298.5  74.4289  277.497 1.04595 0.0625 3.57029 0
293.5  46.5  260.5  46.5 1 0.25 6.12432 0
153.456  265.45  186.524  264.062 2.79492 0.25 31.0386 0
331.543  47.7053  300.511  48.81 2.63911 0.25 4.37417 0
334.5  248.5  334.5  226.5 1 0.125 4.21583 0
405.766  46.5327  407.636  88.5829 3.28523 0.25 24.0584 0
335.519  88.1697  366.513  88.622 3.39367 0.25 24.5038 0
78.8258  72.5136  79.6639  52.5069 1.37579 0.25 1.75704 0
34.6357  304.539  33.224  345.525 2.61955 0.25 33.6591 0
116.532  49.9336  83.5035  50.6609 2.91121 0.25 8.60038 0
210.473  395.596  224.564  395.947 4.29772 0.125 4.34024 0
408.534  277.416  377.526  277.972 4.07112 0.25 25.9675 0
227.5  311.529  254.497  311.446 2.0805 0.25 1.54389 0
227.484  144.646  259.506  145.082 3.01332 0.25 32.7619 0
407.809  258.484  406.146  226.466 1.63427 0.25 12.2938 0
325.466  150.663  315.416  150.37 5.08514 0.25 6.77183 0
73.5324  332.405  38.4341  333.664 3.92574 0.25 12.5591 0
263.339  173.963  295.509  170.591 3.14422 0.25 35.0636 0
371.508  127.076  401.497  127.645 2.28434 0.25 22.2292 0
403.125  61.5325  402.769  46.4936 1.99944 0.25 2.93343 0
186.477  338.5  186.461  372.5 1.01084 0.25 6.72638 0
240.528  369.769  228.49  370.033 2.08718 0.25 1.30784 0
247.516  207.161  257.541  207.634 3.85422 0.25 2.59648 0
331.537  139.922  299.477  137.853 3.09046 0.25 24.3274 0
207.534  391.69  191.49  392.144 2.36753 0.125 3.69766 0
376.506  273.584  396.618  272.044 4.59897 0.25 14.6725 0
398.67  49.7857  386.492  48.581 2.69011 0.25 1.46614 0
298.523  287.5  298.454  265.5 1.00314 0.125 4.21583 0
374.45  307.948  357.499  309.488 3.25967 0.25 10.9507 0
227.521  206.139  246.573  207.235 3.76376 0.25 25.2268 0
401.527  109.433  399.965  85.535 1.49574 0.25 1.46614 0
401.537  123.233  372.474  122.384 4.232 0.25 6.93131 0
391.503  62.4246  369.503  61.4278 6.26542 0.25 18.2278 0
258.554  141.813  241.501  140.483 2.38288 0.25 6.00968 0
277.499  395.2  291.502  395.151 5.03524 0.25 2.81815 0
335.5  296.497  302.5  296.479 1.00773 0.25 5.52226 0
379.47  56.0118  391.546  56.7274 4.8138 0.25 4.38 0
380.478  358.191  412.485  358.61 4.19606 0.25 34.4003 0
252.506  49.6556  226.502  49.7912 2.10426 0.25 17.5635 0
399.499  271.332  407.501  271.342 3.50121 0.125 0.737911 0
295.605  174.586  264.413  177.596 4.11242 0.25 30.6009 0
154.535  199.863  186.494  201.617 3.78749 0.25 34.187 0
370.449  55.5737  379.532  55.0713 5.21328 0.0625 4.11754 0
407.591  350.841  397.457  350.287 4.88352 0.125 4.06872 0
413.703  405.494  412.763  375.492 1.31259 0.25 3.4098 0
325.538  195.084  311.467  195.992 3.509 0.125 1.59762 0
190.511  395.161  209.506  394.851 3.03227 0.25 6.22706 0
148.538  312.703  115.47  311.125 3.28487 0.25 23.0997 0
148.514  414.945  113.486  416.041 1.96776 0.25 11.9422 0
228.547  410.131  238.566  409.378 3.14138 0.125 3.51178 0
376.497  378.677  342.49  378.124 2.22744 0.25 0.539837 0
356.494  332.259  372.509  331.861 2.12385 0.125 3.51178 0
42.4545  114.186  77.5653  116.515 4.45458 0.25 16.0776 0
83.5065  61.2428  100.521  61.6727 3.27688 0.25 5.47366 0
224.501  414.651  189.495  414.939 2.21352 0.25 26.6661 0
372.443  136.384  402.597  137.293 5.30436 0.25 24.0002 0
296.6  237.559  265.499  240.494 2.81705 0.25 18.0369 0
295.562  136.649  280.498  137.462 4.53334 0.125 2.12297 0
301.477  201.37  324.528  200.91 4.11882 0.25 16.2998 0
320.462  368.564  337.476  369.169 5.28099 0.125 8.022 0
377.501  405.08  357.499  405.046 3.02408 0.25 0.850385 0
379.479  343.782  398.474  344.093 4.03221 0.25 4.71794 0
411.499  337.673  379.5  337.457 1.06078 0.25 4.31814 0
275.31  410.518  281.84  409.255 4.11713 0.125 0.278279 0
149.567  88.5668  118.501  90.5219 3.7478 0.25 10.7408 0
290.499  53.366  262.5  53.5221 1.11144 0.25 2.51196 0
277.343  317.17  287.535  318.129 4.35687 0.25 2.78862 0
263.45  163.055  294.507  159.558 4.43575 0.25 31.7756 0
320.508  126.352  302.453  125.409 3.21229 0.25 0.850385 0
264.698  236.484  296.679  233.297 4.28124 0.25 47.7181 0
352.483  196.883  337.468  196.235 3.16977 0.25 8.30027 0
354.511  326.657  340.5  326.47 5.0262 0.25 3.74767 0
335.503  97.3945  366.505  98.3517 2.68993 0.25 11.7557 0
223.508  379.828  190.489  379.437 1.95238 0.125 0.754245 0
240.458  220.347  256.468  221.138 3.49018 0.25 5.16978 0
258.504  115.406  235.461  114.416 3.55518 0.25 3.87468 0
272.669  230.796  264.546  231.855 3.3457 0.25 0.582541 0
301.404  215.231  333.522  212.793 3.35705 0.25 14.8348 0
379.471  149.401  393.524  149.208 4.15126 0.25 18.9254 0
211.484  243.084  195.496  242.656 3.23955 0.25 6.37722 0
249.533  355.989  228.491  354.643 3.05771 0.25 1.81842 0
258.503  70.8376  229.496  71.086 2.22253 0.125 1.95585 0
286.498  410.438  298.5  410.424 3.9988 0.25 15.7573 0
337.544  344.556  304.43  343.004 3.02728 0.25 14.9508 0
340.5  296.492  362.498  296.273 1.11916 0.0625 4.69173 0
343.493  380.143  376.5  380.487 1.31306 0.25 5.29101 0
387.594  206.609  374.486  207.192 5.30594 0.25 1.09163 0
374.494  198.555  404.493  198.724 4.07313 0.25 18.2543 0
199.501  228.474  222.506  229.353 2.2274 0.125 5.00597 0
402.507  143.278  372.485  143.102 5.99402 0.25 38.1553 0
32.9655  418.536  34.3443  400.488 2.26276 0.25 2.05929 0
121.666  157.826  149.589  160.602 3.36895 0.25 17.0436 0
311.624  196.931  300.457  196.051 4.69488 0.25 5.84164 0
304.402  356.203  337.522  358.112 3.61094 0.25 20.2707 0
366.508  107.908  348.515  108.269 2.13958 0.0625 2.94069 0
396.541  350.876  379.526  350.451 5.17309 0.25 13.9073 0
374.53  215.666  405.535  214.87 4.40953 0.25 39.7726 0
109.512  265.045  86.5022  264.419 1.32607 0.25 0.686899 0
115.5  412.023  127.5  412.028 3.00082 0.125 2.56635 0
185.526  197.974  154.502  196.454 2.2627 0.25 21.0735 0
222.551  232.663  191.464  231.807 3.64042 0.25 19.4186 0
190.499  317.945  223.501  317.997 2.03488 0.25 21.6891 0
223.498  222.5  223.458  191.5 1.01282 0.25 4.9202 0
227.499  74.0973  258.501  74.1561 3.03983 0.25 4.62324 0
228.335  277.197  260.709  280.354 5.04884 0.25 39.942 0
257.511  79.1278  235.471  78.4708 4.20681 0.25 9.53597 0
242.428  265.264  260.643  266.977 3.54841 0.25 2.7851 0
294.502  91.5385  263.437  93.4958 2.68772 0.25 21.7561 0
303.493  413.842  265.497  414.273 2.26089 0.25 16.4926 0
368.538  172.614  337.472  173.675 2.45204 0.25 3.37552 0
335.498  101.543  366.514  103.241 2.5581 0.25 14.6388 0
336.512  168.817  368.542  167.614 4.25985 0.25 20.1169 0
71.5  349.5  45.5  349.5 1 0.25 1.9099 0
132.502  316.814  148.507  316.722 5.0343 0.25 1.71315 0
150.538  99.9542  119.481  100.763 3.62352 0.25 19.4819 0
228.416  287.52  260.446  290.155 3.15391 0.25 4.44508 0
264.46  246.101  296.536  242.858 2.48186 0.25 15.5283 0
311.504  148.468  300.496  148.516 5.03033 0.25 1.86027 0
403.669  171.494  403.127  156.477 1 0.0625 0.484993 0
39.5075  242.321  74.53  243.78 2.62268 0.25 9.54838 0
72.5051  314.649  46.4672  315.537 2.6916 0.25 14.5389 0
74.5079  239.169  38.5281  238.315 3.50067 0.25 15.3318 0
228.431  345.737  261.551  347.596 4.32998 0.25 16.0968 0
227.435  219.214  239.607  220.315 3.70868 0.25 0.490439 0
246.608  273.752  236.461  273.124 4.6818 0.125 5.61445 0
239.5  408.551  262.499  408.353 1.03434 0.25 0.10372 0
285.526  68.3024  262.485  69.0475 2.38682 0.25 16.9834 0
284.417  179.531  295.592  178.576 2.21877 0.125 6.87217 0
313.493  408.319  334.492  408.494 1.13341 0.0625 0.743367 0
341.417  238.199  354.587  239.771 2.46005 0.125 1.01274 0
401.481  406.624  408.465  407.72 2.44103 0.125 1.9099 0
81.4971  142.467  113.599  139.618 3.47769 0.25 14.8298 0
117.467  168.919  149.429  171.415 2.99089 0.25 14.6035 0
261.543  343.629  228.476  341.989 2.88887 0.25 22.1615 0
274.127  182.223  283.497  179.49 3.62001 0.125 0.0652213 0
279.281  97.2742  293.54  94.7251 4.21806 0.125 8.44497 0
326.53  219.584  301.466  220.279 4.30346 0.25 17.587 0
356.427  250.334  345.424  249.368 3.07597 0.25 0.9026 0
413.505  362.964  385.498  362.711 3.21629 0.25 18.2388 0
40.5006  186.462  76.5005  186.441 4.01859 0.25 45.2466 0
80.4638  207.662  96.5202  206.969 4.08256 0.125 4.69129 0
260.498  296.599  228.491  296.079 1.29239 0.25 5.29101 0
300.44  130.215  331.556  132.83 4.58872 0.25 22.0355 0
350.473  340.236  373.552  341.094 2.99793 0.25 11.4057 0
148.492  334.751  115.526  333.687 1.38648 0.25 2.95217 0
191.479  384.213  224.539  385.18 3.34947 0.25 17.861 0
258.529  93.5009  227.468  92.5996 2.27361 0.25 19.3425 0
315.49  76.2043  329.515  76.3938 3.14834 0.25 6.58132 0
352.649  110.576  366.643  111.663 3.76535 0.25 1.95855 0
63.5001  393.546  44.5001  393.573 1.50421 0.125 3.71608 0
38.4857  306.152  73.5087  304.711 2.20397 0.25 5.68268 0
75.5529  92.9979  44.3722  89.7127 2.98349 0.25 12.5378 0
96.495  207.129  112.502  207.07 2.05494 0.25 6.12432 0
104.716  136.699  95.6495  138.331 2.7755 0.125 2.32649 0
222.582  339.921  191.455  341.71 2.84611 0.25 14.2387 0
191.468  249.494  209.514  250.078 2.35495 0.25 7.62609 0
212.521  250.35  223.585  251.886 2.81514 0.25 0.340233 0
227.491  157.688  258.516  159.163 2.75927 0.25 11.245 0
256.576  274.431  247.338  273.774 4.06087 0.25 5.30301 0
254.466  368.996  242.453  369.795 4.05758 0.125 5.00597 0
272.518  109.626  294.489  106.423 2.98886 0.0625 2.70386 0
301.497  248.951  334.502  249.162 1.20492 0.25 19.9717 0
347.686  202.057  341.404  201.245 3.23156 0.125 1.46258 0
375.5  412.918  343.5  412.945 1.02605 0.125 0.24237 0
399.506  77.991  381.485  77.7807 3.09315 0.125 6.97163 0
265.466  301.828  292.488  304.619 1.98412 0.25 0.866132 0
264.487  197.162  296.516  195.891 1.64165 0.25 17.1418 0
144.5  173.97  123.5  173.977 3.00328 0.125 1.69597 0
223.521  313.997  196.47  313.617 5.11186 0.25 20.1235 0
258.515  133.1  227.484  131.918 1.54201 0.25 11.177 0
268.469  90.0623  292.561  88.3614 2.49956 0.25 3.82382 0
287.539  251.828  277.559  253.004 3.73845 0.125 4.70491 0
401.499  185.613  386.5  185.525 2.02329 0.0625 0.0812666 0
63.4938  302.307  38.4874  303.105 1.31847 0.125 5.14741 0
166.457  281.711  176.591  281.154 4.82162 0.125 1.23079 0
185.519  340.768  162.5  340.516 3.04369 0.125 0.667334 0
197.314  237.446  204.432  238.845 4.00368 0.25 0.113477 0
251.524  125.176  231.494  124.82 2.82145 0.25 6.22263 0
227.488  134.78  240.496  134.9 2.48146 0.125 5.79746 0
95.491  127.154  81.4799  126.961 3.17867 0.125 0.5457 0
148.584  325.751  130.482  324.882 3.85145 0.25 1.0402 0
123.464  329.102  148.493  330.618 3.4485 0.25 2.66347 0
149.556  165.802  126.384  163.956 3.82861 0.25 2.85669 0
55.5816  94.4895  77.5193  96.2608 2.74882 0.125 0.620829 0
116.497  252.465  149.538  250.012 2.51268 0.25 15.2029 0
153.517  281.816  165.59  281.162 3.1681 0.125 3.34905 0
181.504  137.971  166.497  137.861 2.04412 0.25 2.34501 0
243.503  58.678  257.5  58.478 1.05704 0.0625 3.71608 0
320.443  286.192  331.615  284.118 2.67949 0.125 2.09399 0
56.5528  168.242  40.4971  167.568 5.33093 0.25 4.00964 0
77.5198  112.947  61.5045  112.374 1.17808 0.125 1.00681 0
115.373  316.534  131.628  315.485 5.56927 0.25 2.49297 0
199.5  305.583  203.5  305.583 1 0.000244141 3.71608 0
259.686  201.249  245.737  202.73 6.81112 0.25 16.7236 0
44.5032  398.16  61.5017  398.319 1.98117 0.125 1.78749 0
76.5072  169.354  57.4549  168.413 2.44157 0.125 0.192241 0
111.599  69.0151  93.4696  69.7269 3.84001 0.125 4.39696 0
118.502  177.886  141.502  177.956 3.02409 0.25 0.075572 0
150.509  75.248  132.461  74.6204 1.92929 0.125 4.13537 0
154.475  212.963  185.546  214.669 2.8742 0.25 4.51257 0
263.481  130.055  285.489  130.811 2.41074 0.25 0.361582 0
325.503  301.972  335.509  301.905 1.99321 0.125 0.600594 0
108.495  274.644  78.4617  273.558 2.9619 0.25 3.23039 0
80.4996  220.55  112.506  220.803 1.22918 0.25 4.9202 0
170.499  349.522  185.434  350.506 1.42996 0.03125 1.32444 0
168.526  242.082  186.518  243.212 1.99607 0.125 0.0652213 0
184.48  60.7315  168.427  59.3468 1.18383 0.125 1.9099 0
245.483  283.658  228.359  281.813 2.47732 0.25 1.87278 0
310.427  210.328  302.582  210.818 3.11886 0.125 1.46258 0
333.504  240.964  305.507  241.233 1.26887 0.25 7.72664 0
325.475  144.42  331.542  144.277 5.04577 0.25 1.83643 0
355.482  232.024  338.468  231.433 2.10292 0.25 2.59648 0
105.499  303.537  78.4901  303.014 1.32838 0.25 6.72638 0
91.5114  132.592  113.667  129.85 5.46323 0.25 14.8588 0
186.498  240.529  166.506  239.401 1.56207 0.25 0.686899 0
63.4865  177.058  74.5068  176.722 1.27329 0.0625 0.883081 0
128.517  223.711  148.548  222.105 1.63606 0.25 0.686899 0
147.51  404.326  116.498  402.539 1.38165 0.125 0.929218 0
297.503  281.403  270.495  280.686 1.58366 0.25 1.51776 0
385.426  285.713  377.456  285.225 2.42371 0.125 5.52226 0
373.488  108.405  400.451  105.098 2.50958 0.125 5.37555 0
156.496  323.76  184.488  324.232 2.10076 0.25 7.64465 0
191.504  67.5944  221.536  66.4121 2.02199 0.25 8.35722 0
308.498  230.442  333.496  229.413 1.69808 0.125 5.16138 0
68.5  270.5  46.5  270.5 1 0.125 2.32643 0
185.53  212.026  154.464  210.071 2.18441 0.25 2.32449 0
37.5378  319.902  56.5576  318.112 2.45969 0.125 0.892319 0
109.515  215.929  88.505  216.646 1.23811 0.25 1.9099 0
167.493  352.773  181.482  353.157 1.30098 0.125 1.47856 0
257.493  66.7584  236.481  66.2045 2.42092 0.125 1.9291 0
81.4541  132.53  91.5677  132.981 4.04059 0.125 0.599212 0
184.487  193.132  162.515  193.922 2.78987 0.125 4.34289 0
195.506  193.571  222.493  191.416 2.27402 0.0625 13.0157 0
315.516  252.386  303.49  252.21 2.17523 0.25 0.70578 0
323.506  417.637  306.534  418.333 1.4915 0.0625 0.0812666 0
127.507  290.6  142.573  289.61 1.43017 0.125 0.633063 0
32.498  37.28  387.514  34.0119 4.24153 0.25 616.969 0
433.507  425.098  137.516  428.792 4.18536 0.25 324.574 0
189.505  375.034  291.514  374.137 4.55362 0.0625 98.239 0
296.506  188.858  189.499  189.304 4.07495 0.015625 192.488 0
417.486  316.501  420.916  389.527 3.24501 0.25 90.382 0
300.504  261.295  368.507  260.956 4.16475 0.03125 53.8393 0
376.799  299.499  376.864  333.503 5.03983 0.25 41.7363 0
83.4749  191.66  113.482  192.31 5.04213 0.25 47.2475 0
38.0041  183.473  34.4985  375.5 3.01168 0.25 150.318 0
114.523  227.492  113.343  373.499 4.08628 0.0625 92.9342 0
300.421  142.143  355.437  144.804 4.65601 0.125 39.74 0
150.5  50.6588  43.5014  50.9741 3.0324 0.25 113.474 0
223.498  261.65  189.498  261.73 3.99298 0.25 24.4783 0
80.8109  73.4944  80.6587  119.501 4.04959 0.03125 46.943 0
39.4479  145.529  31.2584  416.523 2.31208 0.0625 445.717 0
329.511  71.776  298.481  73.0227 3.91649 0.125 41.7872 0
381.502  411.374  412.494  411.884 5.68607 0.25 23.0166 0
150.493  190.791  127.433  190.227 4.04773 0.25 18.97 0
74.7928  389.507  75.9404  338.51 2.77426 0.0625 40.7376 0
407.493  89.5003  411.432  176.548 3.18229 0.25 62.4357 0
260.774  62.4929  261.971  108.514 1.90097 0.0625 9.52813 0
383.483  428.395  25.4975  429.891 6.08272 0.25 138.377 0
148.106  204.078  348.702  188.03 29.8247 0.0625 69.6601 0
368.005  119.525  374.483  249.551 2.61647 0.125 26.1191 0
153.712  83.5005  153.796  48.5031 3.01692 0.25 38.8388 0
365.504  48.1457  42.511  50.2181 5.00728 0.25 263.242 0
213.434  114.174  154.507  108.428 3.42348 0.25 4.86913 0
122.353  300.357  143.528  298.909 4.40008 0.25 30.237 0
76.7987  298.499  76.463  192.5 2.07283 0.0625 69.0947 0
165.522  119.975  118.52  118.021 5.03722 0.125 26.6171 0
330.545  224.992  230.445  216.116 3.23416 0.25 26.1834 0
151.533  52.5001  150.933  411.499 3.512 0.25 51.2004 0
361.491  94.9894  335.482  94.5349 2.89471 0.25 8.55305 0
41.6136  121.502  41.1124  153.494 5.76429 0.25 42.5637 0
114.487  395.2  146.513  393.807 2.34587 0.25 25.5725 0
405.504  264.583  376.471  265.817 4.82557 0.25 9.88126 0
356.595  153.557  264.515  157.814 7.13108 0.125 13.7077 0
344.367  254.104  370.354  256.259 6.71821 0.125 10.9691 0
278.497  77.2843  314.504  76.7681 4.44214 0.25 0.85511 0
277.502  153.643  237.497  153.721 5.01168 0.125 10.9975 0
340.494  305.199  372.521  304.592 5.07493 0.25 21.2105 0
63.5139  181.933  40.4734  182.674 2.54514 0.125 19.5016 0
261.423  190.621  265.101  223.441 18.8273 0.0625 1.78936 0
340.501  318.519  373.617  316.924 5.48702 0.25 31.9772 0
151.794  298.503  152.901  200.493 1.61279 0.25 18.1947 0
113.993  159.522  118.525  263.412 7.08052 0.0625 6.37569 0
360.44  163.103  269.437  167.032 5.39051 0.125 13.8552 0
243.413  336.093  261.529  335.632 7.17588 0.0625 32.0801 0
76.4915  337.733  185.511  336.524 2.51174 0.03125 167.595 0
314.5  224.538  39.49  227.601 4.01089 0.0625 152.266 0
402.499  153.301  282.492  153.93 5.99467 0.03125 91.0845 0
369.252  109.432  380.677  405.532 4.15125 0.03125 143.739 0
259.505  83.9295  81.4942  86 5.56989 0.03125 139.714 0
377.89  396.49  370.585  122.498 3.09085 0.25 26.5194 0
114.494  383.35  376.509  385.104 3.56014 0.25 20.1758 0
128.492  411.535  377.516  409.526 4.99984 0.25 283.834 0
332.462  49.5009  337.764  278.517 3.19391 0.125 93.2305 0
264.268  403.492  262.681  241.498 5.28447 0.0625 87.5669 0
80.4997  155.001  150.5  154.959 7.03985 0.03125 37.9342 0
356.48  311.054  228.475  309.375 6.00103 0.125 37.4786 0
38.4924  264.236  184.486  260.011 3.16375 0.125 30.9633 0
418.073  64.5099  413.74  315.435 31.3752 0.0625 429.182 0
300.461  372.933  120.448  377.441 5.79154 0.125 1.16885 0
335.499  298.273  66.4903  299.839 3.8588 0.03125 280.858 0
33.4888  377.018  86.5299  375.787 5.12701 0.0625 70.1086 0
41.5063  120.472  393.511  118.178 9.27059 0.0078125 191.879 0
401.507  118.397  262.5  119.444 10.0599 0.0625 93.1895 0
18.2616  408.528  31.8996  37.5515 5.2757 0.0625 1206.81 0
