772
860.74  420.983  860.579  443.012 3.99989 0.015625 12.4417 0
374.044  249.23  378.097  242.459 8.22981 0.0625 0.249438 0
533.749  267.023  534.175  252.915 6.36007 0.0625 7.19968 0
1268.92  231.012  1269.05  209 2 0.03125 0.510729 0
1073.03  506.998  1075.93  543.086 2.15358 0.0625 2.51306 0
519.654  664.798  516.634  684.945 2.47349 0.03125 1.98121 0
847.136  166.887  834.169  178.325 10.1455 0.25 1.62237 0
440.248  355.592  427.049  359.179 9.12572 0.125 0.117374 0
439.498  343.483  416.669  346.018 10.8233 0.25 1.66497 0
1180.69  718.751  1094.89  703.622 4.62412 0.25 9.40255 0
1211.15  478.862  1182.36  447.592 3.40855 0.25 2.93302 0
1173.25  358.816  1228.86  433.107 3.61408 0.25 8.46237 0
1156.95  745.675  1119  742.955 3.84679 0.0625 8.1923 0
1220.89  565.144  1244.56  583.562 4.0347 0.125 1.25449 0
1122.86  736.313  1161.07  740.304 4.18615 0.25 3.33513 0
1200.14  351.57  1227.35  392.77 3.33773 0.125 7.94543 0
920.004  759  920.026  819 6.00226 0.25 3.48528 0
1193.22  542.727  1218.92  563.101 2.80969 0.125 0.844914 0
1203.42  498.593  1247.65  542.339 5.78103 0.25 1.7167 0
1240.89  589.143  1199.54  558.279 3.22922 0.25 5.82986 0
1191.78  301.751  1209.58  330.641 3.85022 0.125 0.900621 0
1557.2  825.823  1569.53  852.756 4.41274 0.125 0.379097 0
730.132  305.453  705.2  311.788 9.69199 0.25 0.253272 0
996.999  729.296  1031  729.432 2.11155 0.125 0.373167 0
1127.05  730.622  1080.85  724.059 3.70145 0.25 2.31853 0
1189.16  364.312  1231.96  424.314 5.81821 0.25 6.06794 0
1219.71  530.286  1188.52  499.486 3.0915 0.25 0.627593 0
697.191  546.275  676.856  547.011 14.2803 0.25 7.62617 0
807.373  411.928  789.889  417.535 13.8699 0.25 4.76652 0
539.045  629.959  520.99  629.692 8.17685 0.25 2.52952 0
930.643  384.022  913.946  390.11 11.6264 0.125 4.67413 0
877.113  744.743  859.069  745.289 12.1155 0.25 5.74357 0
1201.48  416.567  1178.8  391.376 6.2837 0.25 0.763855 0
1203.27  366.818  1184.11  338.253 4.00293 0.25 0.334928 0
929.112  376.792  912.801  377.81 8.85641 0.25 1.42564 0
1040.59  359.246  1028.77  361.988 9.28996 0.125 1.89787 0
1163.15  680.536  1123.34  667.924 4.51154 0.125 6.07544 0
1446.65  65.0071  1446.12  38.9773 2.40376 0.0078125 12.4488 0
677.868  797.151  679.263  770.697 18.1857 0.25 15.6404 0
1078.65  338.275  1064.12  345.313 13.3592 0.125 4.15493 0
919.008  652.201  898.99  652 4.20038 0.00390625 1.01795 0
927.195  163.522  783.088  217.237 7.28946 0.25 29.5755 0
1373.97  650.416  1375.26  688.508 7.67316 0.25 99.6738 1
1359.94  798.309  1322.05  790.737 8.23506 0.25 62.5419 1
995.322  812.506  993.628  765.531 5.35708 0.25 86.9177 1
74.4425  628.743  64.1326  668.663 6.84163 0.25 101.02 1
898.778  896.727  916.329  892.746 5.05696 0.0625 86.4154 1
124.509  633.379  75.4103  629.695 5.93295 0.25 146.803 1
1412.39  899.641  1401.55  814.113 7.04383 0.25 187.348 1
43.797  864.258  31.9834  849.733 10.1786 0.25 33.3617 1
1360.73  298.355  1361.63  318.494 7.0377 0.25 64.1674 1
1436.4  705.373  1446.91  717.137 7.64581 0.125 44.3988 1
432.498  651.461  450.637  650.675 5.69159 0.125 74.5777 1
148.503  861.546  133.372  862.522 5.79445 0.0625 42.491 1
730.449  626.196  749.432  626.763 6.02717 0.125 65.5262 1
1327.9  21.7824  1335.74  38.3857 5.65143 0.125 60.6133 1
1100.13  814.474  1098.99  786.439 6.07649 0.25 44.4706 1
916.417  907.237  953.621  911.426 3.10647 0.0625 107.13 1
362.485  657.303  392.458  654.961 6.05966 0.25 78.162 1
1598.52  936.556  1533.57  937.929 5.37253 0.25 47.7718 1
1282.4  442.389  1281.37  452.588 6.7697 0.015625 28.9105 1
634.432  602.428  632.557  630.437 6.38732 0.25 56.0163 1
991.723  924.489  906.333  915.006 6.07595 0.25 200.309 1
125.143  834.504  138.062  816.913 5.80575 0.25 46.7401 1
565.762  379.412  562.529  406.622 4.96508 0.25 50.8348 1
650.631  633.585  680.513  631.715 6.17567 0.25 67.5408 1
543.959  564.561  542.102  578.447 3.8952 0.0625 44.7016 1
1102.5  938.43  1070.59  936.181 4.84698 0.0625 65.9449 1
269.445  663.971  292.595  663.137 6.75202 0.25 50.7731 1
187.801  712.464  187.19  741.493 7.31441 0.25 73.9114 1
886.506  183.483  886.733  209.515 4.1828 0.03125 66.7154 1
1585.73  886.445  1580.35  864.056 5.24725 0.25 44.9746 1
622.729  537.43  618.644  582.693 5.15244 0.25 104.223 1
469.237  646.575  471.078  628.457 5.76706 0.03125 94.5566 1
517.619  474.856  515.52  487.335 7.54822 0.125 62.1151 1
154.01  900.6  157.567  882.513 4.90606 0.125 49.3488 1
528.693  395.388  524.61  424.793 5.66787 0.125 56.6862 1
754.312  411.491  751.582  466.603 4.59812 0.25 86.3661 1
855.422  616.061  880.457  614.705 7.90971 0.25 51.5168 1
48.4559  889.81  69.4994  890.518 4.43463 0.015625 57.7361 1
790.404  758.483  789.615  810.532 5.36304 0.25 144.208 1
713.307  542.487  709.882  592.526 4.82525 0.25 113.408 1
862.555  506.493  862.741  536.492 4.08093 0.25 46.1591 1
430.142  714.585  433.606  688.514 3.82618 0.0625 87.1458 1
937.645  877.09  910.562  883.75 1.49624 0.125 17.6749 1
388.483  746.867  416.468  748.183 4.18335 0.0625 84.8059 1
993.114  381.463  995.074  414.406 2.9833 0.25 43.6039 1
1114.04  237.365  1080.14  247.254 5.07963 0.25 61.1343 1
902.52  688.052  870.489  689.184 4.99688 0.25 58.1443 1
986.325  499.2  948.604  504.273 5.62182 0.25 51.2287 1
71.553  903.81  96.5911  904.595 12.3075 0.25 22.7722 1
1033.39  492.714  1014.52  493.883 6.23577 0.125 42.4055 1
734.891  476.137  699.295  484.641 3.57184 0.25 59.6756 1
1138.62  475.315  1100.72  480.977 5.00232 0.25 89.3517 1
647.775  802.601  649.38  782.411 4.14586 0.03125 66.3659 1
861.365  619.495  861.14  670.503 3.15842 0.25 62.9847 1
514.543  650.625  510.279  686.354 5.24662 0.25 91.9865 1
1040.24  656.321  1017.05  648.916 5.93982 0.125 47.1987 1
1085.95  651.532  1102.4  663.639 7.15817 0.125 20.0853 1
1169.91  344.455  1176  400.446 6.33342 0.25 141.561 1
747.374  232.382  745.239  252.683 5.44393 0.0625 42.22 1
782.872  144.303  767.411  151.466 4.53674 0.125 32.2441 1
775.88  315.477  775.105  336.522 4.29148 0.125 42.4156 1
887.8  267.481  887.17  290.491 5.21716 0.0625 50.7483 1
1009.21  144.408  1011.97  165.698 4.86506 0.0625 73.1143 1
538.021  324.446  536.225  340.469 6.51975 0.0625 32.4144 1
1045.56  706.715  1072.01  674.922 3.45616 0.25 70.6966 1
536.541  642.11  531.136  669.228 5.29799 0.25 42.4978 1
406.511  708.864  381.503  709.608 4.05767 0.125 37.4703 1
1366.51  526.679  1318.5  526.189 6.969 0.25 92.0713 1
884.497  304.492  866.833  310.481 4.4142 0.125 47.2642 1
443.747  620.535  446.045  604.294 5.23085 0.03125 61.2075 1
638.177  372.56  636.234  394.652 3.42657 0.03125 68.4324 1
302.781  390.18  291.717  415.042 3.45351 0.0625 76.7293 1
619.899  234.335  638.518  225.444 8.12139 0.25 62.0105 1
411.669  708.526  414.963  687.262 4.56514 0.03125 57.4926 1
722.36  778.538  721.426  799.585 3.8632 0.0625 72.9719 1
6.0553  594.1  48.1911  601.306 7.69122 0.25 168.175 1
460.568  623.001  445.463  623.688 5.22206 0.0625 35.5453 1
790.671  674.557  750.534  677.903 5.14885 0.25 52.1782 1
874.481  715.89  888.562  715.445 4.21931 0.0625 36.2495 1
671.896  65.332  652.952  74.3483 8.89914 0.25 38.5622 1
918.509  715.582  944.537  712.857 5.18109 0.25 49.6826 1
536.365  345.154  568.885  332.487 7.24856 0.25 59.0132 1
1185.9  721.008  1213.76  686.899 7.4606 0.25 64.9325 1
1316.16  599.544  1315.1  591.421 2.37101 0.125 2.96489 1
1101.92  483.383  1103.49  502.418 3.40099 0.0625 48.4542 1
1092.33  359.417  1096.31  399.519 4.45096 0.25 46.8138 1
287.179  395.35  305.758  355.621 3.46122 0.25 72.8532 1
892.256  149.885  916.078  140.436 3.52605 0.25 38.1854 1
1157.52  767.743  1130.48  768.22 3.38794 0.0625 73.9037 1
1221.95  277.197  1227.85  290.343 5.79005 0.0625 26.7039 1
1029.6  463.523  1030.28  489.558 5.23113 0.125 68.8334 1
1023.64  339.479  1023.17  358.542 3.3248 0.125 25.4086 1
988.684  723.604  969.663  719.707 5.50039 0.0625 68.6344 1
994.111  92.7478  1065.99  115.142 4.83057 0.25 125.843 1
548.947  266.485  565.137  257.669 6.94758 0.125 61.265 1
1027.42  413.087  1062.79  405.905 3.78102 0.25 62.1524 1
526.374  429.074  540.069  425.038 5.86647 0.125 50.1907 1
335.234  318.38  324.196  342.814 2.96972 0.0625 70.698 1
649.759  565.46  647.983  598.526 4.04787 0.25 65.8802 1
664.683  551.589  661.157  598.624 4.66172 0.25 63.5499 1
123.554  940.021  139.984  928.642 5.5658 0.125 46.8869 1
945.535  392.498  947.086  426.519 4.2267 0.25 63.5744 1
390.784  234.117  378.784  259.116 4.65177 0.0625 107.826 1
144.19  939.48  159.792  928.495 3.60438 0.125 33.1581 1
950.891  768.491  951.213  816.502 2.29428 0.03125 79.0782 1
1042.52  520.494  1050.41  550.259 5.40335 0.125 67.6973 1
808.026  794.507  808.51  759.486 5.39984 0.25 84.7434 1
501.595  666.954  474.378  662.199 2.86035 0.25 20.436 1
724.613  637.447  722.525  672.561 5.69274 0.25 38.781 1
860.344  183.692  872.337  179.076 7.03639 0.125 54.2847 1
597.056  762.466  593.535  808.655 4.88267 0.25 71.3302 1
936.658  724.732  917.444  720.774 4.95589 0.0625 61.5144 1
1072.45  205.349  1110.34  193.005 2.27584 0.25 25.9461 1
1283  228.677  1291.86  153.425 4.14905 0.25 105.508 1
698.43  772.436  696.405  806.554 6.10799 0.25 54.2695 1
655.788  680.519  658.684  636.381 6.36429 0.25 55.8643 1
541.777  380.667  527.264  396.542 8.60338 0.25 45.2325 1
694.465  727.766  674.159  725.121 6.12044 0.25 18.0266 1
724.702  726.933  697.637  723.44 7.03898 0.25 26.7831 1
762.626  641.463  761.292  672.577 5.223 0.0625 93.7721 1
611.127  291.731  635.659  279.828 2.55532 0.125 31.324 1
932.708  280.189  890.351  293.008 2.87137 0.0625 66.5116 1
779.581  566.566  780.476  538.467 4.60242 0.25 50.2044 1
844.885  726.563  821.42  721.904 4.88984 0.0625 90.7503 1
738.341  566.578  739.081  539.489 5.05277 0.25 38.6643 1
1107.76  451.67  1124.61  447.985 5.43415 0.0625 78.9422 1
754.344  468.741  812.756  456.746 4.85409 0.25 57.7892 1
1049.48  552.354  1092.69  547.06 3.54312 0.25 34.8704 1
1020.46  346.319  993.376  352.998 2.11625 0.125 37.3531 1
1013.07  808.505  1013.64  856.522 7.41972 0.25 103.58 1
1099.87  528.598  1098.3  502.452 6.92718 0.25 71.2783 1
1214.7  739.646  1204.81  752.992 3.42305 0.0625 40.1297 1
818.706  123.95  786.204  138.854 2.76695 0.125 59.282 1
434.682  173.162  494.258  136.74 5.30915 0.25 144.755 1
979.487  630.708  953.528  629.063 4.11848 0.125 30.78 1
1356.55  320.762  1308.47  322.716 3.36304 0.25 53.8579 1
360.138  253.803  369.354  234.38 4.74722 0.0625 76.7015 1
822.826  91.0598  809.793  110.999 9.01584 0.25 28.9406 1
1116.57  715.112  1179.65  726.675 3.67201 0.25 3.84463 1
836.647  545.494  836.515  564.514 6.06925 0.0625 60.1098 1
429.431  662.324  424.758  690.707 3.32104 0.25 39.9344 1
821.336  670.494  822.192  646.453 3.42513 0.0625 71.8234 1
888.192  538.499  888.113  571.506 4.00239 0.25 15.1632 1
301.472  682.495  295.794  714.728 4.6333 0.0625 57.4763 1
254.613  775.239  236.223  773.597 6.34977 0.125 41.8096 1
1028.58  745.51  1000.49  746.289 5.85898 0.25 53.255 1
874.774  76.2515  851.254  79.9277 10.4363 0.125 22.4139 1
662.329  936.584  636.705  932.54 10.708 0.25 71.8442 1
1170.22  599.83  1115.07  670.945 5.09664 0.25 106.379 1
783.549  26.3302  801.762  31.5949 2.0489 0.0625 10.3869 1
802.687  24.8457  833.863  33.7352 5.08643 0.25 73.3626 1
398.633  782.671  403.046  753.431 3.56338 0.25 35.2275 1
1029.42  247.248  1070.76  234.344 2.50509 0.25 37.4471 1
28.5682  853.099  6.02969  849.264 6.20929 0.25 57.1971 1
519.816  788.527  522.09  762.377 6.19413 0.25 82.7378 1
185.346  868.607  187.846  825.462 4.80326 0.25 33.8451 1
660.299  40.8837  702.818  16.3191 5.29164 0.25 93.0491 1
180.424  844.629  176.701  871.389 4.45288 0.125 47.6786 1
1309.82  479.484  1308.27  448.461 5.34241 0.25 1.24079 1
282.93  777.843  290.335  746.981 8.16755 0.25 117.66 1
110.583  854.675  80.4852  851.647 4.17422 0.125 28.8711 1
568.197  668.649  570.061  647.461 4.51035 0.0625 45.71 1
992.456  72.6499  1097.85  103.692 5.97897 0.25 213.934 1
120.509  72.1494  38.5007  72.6195 2.12035 0.25 9.8324 1
769.7  445.499  769.752  462.499 2.03355 0.125 4.31497 1
876.972  668.635  878.825  648.438 3.61785 0.125 38.3519 1
624.056  673.54  626.379  641.347 4.98703 0.125 41.3428 1
1310.5  317.729  1356.52  317.017 3.71074 0.25 79.4462 1
914.007  404.49  914.574  434.48 2.39722 0.25 26.8004 1
742.718  38.5006  742.645  66.5004 3.06039 0.125 34.8969 1
890.41  405.109  935.544  394.692 1.9495 0.125 48.4852 1
809.3  623.382  804.98  667.449 3.84451 0.25 25.1957 1
1495.39  898.522  1487.71  860.457 3.49289 0.25 33.038 1
1066.45  739.075  1095.38  741.786 5.07149 0.25 26.4357 1
1497.51  572.735  1473.5  573.34 1.45275 0.03125 23.1307 1
915.5  533.5  915.5  557.5 1 0.125 6.57725 1
96.5004  573.058  38.4997  573.099 1.03957 0.25 14.7419 1
1026.4  390.495  1025.77  401.573 3.05225 0.0625 5.6205 1
878.233  54.3377  923.421  68.7468 3.34177 0.25 26.6967 1
786.613  788.859  765.509  790.611 6.3931 0.25 12.084 1
472.259  493.994  457.478  496.36 3.63358 0.125 7.89582 1
1209.21  600.982  1245.04  622.611 7.15656 0.25 63.1456 1
632.082  636.518  630.818  678.51 2.96854 0.25 10.9573 1
303.528  889.227  287.489  887.609 2.29088 0.125 0.133213 1
869.333  59.0337  917.609  74.1531 6.10327 0.25 87.4349 1
1166.31  618.878  1226.16  648.194 5.67972 0.25 39.0759 1
1085.51  718.443  1110.54  722.263 3.35064 0.125 30.9994 1
1154.26  694.41  1116.23  684.539 3.9826 0.25 2.3614 1
1242.77  631.025  1205.92  609.766 4.46419 0.125 70.3182 1
909.615  822.544  910.714  794.508 4.31043 0.25 4.35085 1
166.687  760.905  150.693  755.884 5.12552 0.125 24.9231 1
1170.43  682.732  1201.72  691.727 2.90686 0.25 15.2696 1
1191.1  516.937  1209.87  534.093 2.82558 0.125 21.8918 1
1119.86  676.187  1163.59  688.171 3.67228 0.25 12.3337 1
706.964  154.614  667.204  171.189 8.23145 0.25 120.923 1
1477.48  569.983  1489.54  569.571 2.40897 0.03125 13.021 1
1542.5  553.5  1542.5  542.5 1 0.0078125 9.28652 1
1160.86  663.314  1138.85  655.502 5.10779 0.125 22.4055 1
1195.58  434.436  1181.15  415.774 2.65655 0.125 9.48872 1
1221.47  654.574  1162.81  626.836 3.95856 0.25 14.0884 1
1307.16  85.5199  1309.8  130.482 1 0.125 6.10232 1
1194.21  391.956  1175.79  368.045 2.92336 0.125 11.6593 1
1178.37  378.602  1191.27  394.684 2.18585 0.125 12.6484 1
603.888  353.735  579.876  357.909 9.5073 0.25 58.2586 1
1449.5  558.5  1449.5  543.5 1 0.015625 12.8989 1
978.519  736.991  948.486  735.883 4.10791 0.25 36.7128 1
48.0584  563.502  47.9726  545.498 1.0858 0.03125 32.1518 1
370.018  368.554  349.69  378.909 6.33791 0.125 36.9873 1
632.439  268.36  608.815  278.549 7.50722 0.25 18.2756 1
1184.45  663.572  1168.94  652.861 5.30988 0.125 1.55122 1
1360.78  321.531  1371.96  578.48 7.52019 0.015625 1418.07 1
1154.65  208.154  1194.18  568.425 6.54076 0.03125 1491.75 1
1272.63  474.352  1260.51  627.738 6.53277 0.0625 777.036 1
1240.19  877.521  1241.54  897.497 2.46581 0.0625 8.97486 1
863.747  41.7325  963.129  73.6541 8.40781 0.25 154.527 1
834.397  618.393  940.593  608.502 6.90623 0.0625 538.284 1
1042.5  875.449  1233.58  888.308 6.13907 0.0625 393.294 1
448.465  651.078  511.524  650.177 9.1705 0.0625 157.823 1
634.332  635.485  812.674  620.585 10.4673 0.0625 622.07 1
348.739  574.846  1138.69  434.592 6.03482 0.0625 2155.09 1
613.693  639.431  610.498  676.586 4.2423 0.25 65.8974 1
622.75  537.43  616.686  602.61 4.95562 0.25 113.672 1
631.676  443.423  626.879  494.536 4.45302 0.25 105.004 1
1157.37  234.738  1185.02  482.553 7.01425 0.25 561.268 1
1255.74  366.272  1260.88  439.403 8.50309 0.125 111.336 1
1273.35  493.902  1289.29  618.527 11.0246 0.125 383.077 1
427.49  919.915  439.522  919.699 4.21454 0.0625 10.1808 1
637.51  921.81  657.51  921.722 6.02205 0.0625 60.1098 1
675.498  924.868  699.501  924.85 5.99461 0.0625 37.5121 1
711.494  926.857  724.493  926.743 3.06097 0.0625 5.31914 1
889.519  904.327  996.458  915.888 3.38579 0.0625 316.403 1
1063.5  905.572  1107.49  906.951 3.99804 0.0625 112.488 1
1384.48  927.862  1392.56  928.239 2.3242 0.0625 3.24119 1
1407.52  925.183  1457.56  928.59 5.39598 0.0625 151.294 1
1428.6  910.048  1458.66  912.162 4.58212 0.0625 102.53 1
1189.39  914.925  1209.98  911.087 6.44813 0.0625 58.4677 1
1226.41  919.083  1264.06  924.904 6.60192 0.0625 33.2662 1
269.676  523.15  492.82  462.681 8.06409 0.25 395.91 1
1166.42  883.689  1232.58  888.315 5.75502 0.0625 198.024 1
858.51  278.686  885.637  270.087 8.11523 0.125 121.491 1
937.064  252.891  956.009  248.421 9.38262 0.125 85.7936 1
803.698  47.9923  820.486  54.5354 2.47988 0.25 3.99747 1
1050.96  129.118  1111.57  149.284 7.61391 0.25 27.2744 1
991.566  129.44  1008.83  128.23 7.84059 0.25 29.0758 1
429.29  719.749  438.401  654.347 5.4548 0.125 157.996 1
418.3  809.585  423.633  759.302 5.19824 0.125 65.933 1
129.67  613.102  188.2  621.775 13.5905 0.0625 20.6441 1
1381.52  927.311  1400.54  929.064 2.37199 0.125 18.6733 1
422.974  407.854  732.48  299.444 4.38832 0.0078125 101.65 1
644.143  637.474  642.589  658.58 4.64997 0.125 68.0286 1
652.357  534.561  647.791  598.449 4.91547 0.125 209.631 1
510.099  140.814  584.541  97.2797 5.19466 0.0625 355.049 1
601.959  87.3132  648.736  60.9183 5.56134 0.0625 266.595 1
958.489  917.833  859.366  914.509 9.20191 0.25 151.767 1
1248.16  912.249  1208.49  916.364 9.57092 0.25 62.2939 1
1294.89  903.837  1262.38  915.672 11.5357 0.25 22.059 1
1483.56  912.064  1424.67  903.379 6.61511 0.25 38.3451 1
1076.34  918.527  943.543  907.958 12.5866 0.25 16.5585 1
1244.7  429.477  1256.33  534.297 5.01942 0.125 95.5769 1
1252.73  344.206  1261.39  439.328 8.32049 0.125 183.354 1
1246.31  398.525  1257.74  484.469 1.90154 0.125 22.0539 1
1317.46  404.501  1320.59  491.497 2.56767 0.0625 120.959 1
296.505  585.527  480.318  552.488 6.49371 0.0625 712.839 1
644.27  523.226  890.891  478.661 6.50861 0.0625 1070.2 1
871.568  535.951  1092.54  502.758 2.75451 0.25 39.3304 1
1491  816.937  1516.77  822.176 12.6059 0.25 7.37599 1
1370.52  817.774  1474.39  810.833 8.21329 0.25 90.6181 1
1188.51  914.566  1209.92  911.099 6.56234 0.25 39.5256 1
1056.28  903.35  1116.39  907.891 5.18547 0.25 102.017 1
545.654  551.518  539.635  602.634 4.44244 0.125 157.927 1
556.039  462.709  549.4  511.622 4.89157 0.125 145.799 1
271.324  522.851  493.985  462.596 7.43859 0.0625 846.278 1
463.469  445.388  473.281  442.701 3.06576 0.0625 10.2117 1
481.825  477.514  492.86  475.733 5.09546 0.0625 21.6399 1
497.924  438.174  518.611  432.94 8.25786 0.0625 89.0487 1
504.995  472.049  517.043  468.2 5.98006 0.0625 27.1257 1
526.384  429.079  542.531  424.611 6.31607 0.0625 73.1143 1
548.161  459.763  563.058  455.409 5.3603 0.0625 44.2731 1
559.225  375.819  573.118  371.477 5.90621 0.0625 51.0637 1
563.468  545.341  579.808  542.011 4.11912 0.0625 41.8809 1
570.495  418.192  623.533  398.59 9.29859 0.0625 184.427 1
573.68  453.17  587.991  449.332 5.86547 0.0625 45.2578 1
583.899  367.734  599.236  362.776 6.10288 0.0625 59.7136 1
609.218  463.477  616.492  461.47 3.25778 0.0625 12.8989 1
615.563  535.887  631.784  533.236 4.59285 0.0625 49.0337 1
624.878  439.945  642.949  435.217 5.34341 0.0625 61.9379 1
626.442  417.253  638.483  414.428 3.72575 0.0625 22.6816 1
634.323  351.021  651.161  345.525 7.89569 0.0625 77.7581 1
638.14  396.253  647.247  393.625 5.08123 0.0625 21.319 1
645.584  530.981  665.84  527.446 4.70723 0.0625 60.3984 1
646.222  522.973  888.741  478.825 6.02001 0.0625 1128.28 1
654.061  432.708  671.924  428.169 5.53683 0.0625 69.7195 1
662.469  341.579  681.188  335.687 6.7648 0.0625 84.3101 1
688.089  380.102  713.267  372.708 4.23389 0.0625 68.1387 1
693.32  489.659  736.279  480.466 3.07044 0.0625 93.7784 1
700.202  453.276  741.669  443.194 3.70379 0.0625 137.202 1
707.597  521.048  728.818  517.298 4.92374 0.0625 70.4766 1
719.451  323.091  740.56  317.502 8.64319 0.0625 106.523 1
720.402  417.161  734.923  412.965 5.38078 0.0625 45.5273 1
723.139  467.056  739.52  464.636 4.50787 0.0625 19.4773 1
727.469  369.398  738.664  366.05 3.54583 0.0625 20.4621 1
742.749  514.787  765.664  510.349 3.35657 0.0625 65.8799 1
748.305  409.591  771.307  403.6 6.81445 0.0625 74.9151 1
753.779  312.376  775.702  305.142 7.62576 0.0625 121.078 1
759.107  360.062  787.193  352.377 4.10299 0.0625 50.8607 1
817.142  392.265  843.354  386.177 6.74942 0.0625 95.8784 1
821.898  290.934  844.128  284.765 6.10413 0.0625 122.764 1
858.202  382.261  885.234  375.385 5.81482 0.0625 112.984 1
862.561  278.715  884.751  272.381 3.15926 0.0625 64.7637 1
938.836  360.93  955.381  358.643 6.66012 0.0625 53.7111 1
298.9  451.628  504.83  378.611 7.36754 0.0625 676.189 1
789.472  351.401  935.208  309.484 5.51225 0.0625 261.972 1
445.623  535.078  688.671  483.303 10.143 0.0625 346.389 1
772.251  465.266  937.377  431.893 4.58738 0.0625 174.861 1
314.388  458.161  676.669  338.901 13.646 0.0625 70.0852 1
272.304  530.809  949.595  338.316 16.3121 0.0625 825.709 1
259.778  591.215  553.356  543.613 13.5086 0.0625 582.185 1
1285.35  327.635  1279.67  405.512 4.40467 0.125 134.306 1
626.59  332.749  605.136  340.492 4.75293 0.25 25.1766 1
244.393  483.99  267.104  434.7 7.61303 0.25 175.466 1
287.254  395.854  307.225  353.371 4.0454 0.25 92.584 1
319.562  326.414  337.337  286.315 5.17416 0.25 72.1034 1
411.515  571.6  420.758  570.188 4.55827 0.0625 10.9652 1
429.564  568.189  440.654  567.152 4.88519 0.0625 14.4427 1
444.844  487.577  454.17  484.595 5.06706 0.0625 16.8228 1
468.546  561.061  481.622  559.988 6.56728 0.0625 17.0018 1
482.636  477.299  493.988  475.37 6.06349 0.0625 28.6068 1
490.832  557.664  504.66  555.542 4.86883 0.0625 28.0628 1
494.557  617.367  539.451  618.183 12.0344 0.0625 64.2621 1
503.477  627.506  514.517  627.251 3.13786 0.0625 4.57427 1
504.908  471.891  517.038  468.333 5.9236 0.0625 32.8721 1
538.499  549.497  553.88  546.364 5.09899 0.0625 30.3542 1
563.651  545.255  579.805  542.023 5.2952 0.0625 34.1549 1
574.643  453.012  588.925  449.02 5.043 0.0625 48.6771 1
579.454  604.101  607.658  600.881 4.88177 0.0625 57.5814 1
599.317  428.825  614.555  424.705 2.89602 0.0625 24.2136 1
608.469  615.509  621.518  615.904 3.27147 0.0625 4.51731 1
615.746  535.929  633.729  532.827 4.62172 0.0625 51.328 1
625.163  439.966  642.953  435.187 5.53509 0.0625 62.3717 1
643.28  523.273  1138.65  434.31 6.86234 0.0625 1961.55 1
646.413  531.024  666.827  527.286 4.82104 0.0625 54.9579 1
700.208  453.306  742.604  442.925 3.80545 0.0625 131.989 1
707.782  521.098  728.832  517.378 4.92372 0.0625 72.3472 1
712.995  417.98  734.92  413.606 5.49752 0.0625 58.5657 1
719.22  467.5  732.52  465.641 4.53676 0.0625 20.6657 1
742.763  515.015  765.764  511.019 4.58381 0.0625 74.606 1
748.619  409.05  767.054  405.062 6.84174 0.0625 64.9183 1
813.995  502.74  841.126  498.594 7.01518 0.0625 85.115 1
817.188  392.364  843.359  386.075 6.91938 0.0625 96.973 1
855.913  495.299  884.872  491.021 5.59816 0.0625 118.193 1
858.171  382.194  885.709  375.341 6.08155 0.0625 110.763 1
939.278  361.729  972.29  353.779 6.93243 0.0625 155.89 1
942.977  480.299  977.011  474.5 6.90055 0.0625 150.621 1
987.775  349.705  1019.49  342.471 7.08121 0.0625 129.428 1
991.892  471.728  1027.04  465.548 6.66678 0.0625 143.381 1
1005.71  548.631  1017.5  546.486 3.66646 0.0625 6.52829 1
1053.43  551.876  1066.6  550.349 3.3255 0.0625 29.3289 1
1095.96  453.862  1135.04  446.295 6.80962 0.0625 216.311 1
275.225  521.474  994.942  328.418 6.59464 0.0625 1724.31 1
285.471  663.102  511.36  646.591 9.84817 0.0625 616.652 1
693.316  489.642  735.318  480.65 3.07136 0.0625 92.2673 1
846.27  450.371  1133.39  391.971 5.08138 0.0625 234.274 1
275.465  590.312  909.543  471.396 17.6891 0.0625 781.52 1
634.376  636.131  983.772  604.502 10.6763 0.0625 1276.79 1
321.191  443.462  423.161  407.537 7.50177 0.0625 294.864 1
552.508  908.268  590.566  909.57 7.48228 0.125 23.8775 1
442.761  400.246  506.318  377.979 7.18427 0.25 132.985 1
332.735  578.817  481.292  552.332 6.47167 0.125 485.171 1
410.637  571.363  420.701  569.771 3.27572 0.125 12.3267 1
429.439  568.057  441.485  566.391 2.69772 0.125 11.4365 1
468.436  561.127  482.703  558.685 3.32111 0.125 19.5396 1
490.849  557.284  505.862  554.35 3.35027 0.125 16.9092 1
562.529  544.661  579.691  541.556 2.68961 0.125 23.9267 1
615.442  535.161  634.569  531.904 2.51827 0.125 24.8207 1
643.283  523.295  1052.87  449.565 6.82908 0.125 1259.58 1
481.825  477.514  492.86  475.733 5.09546 0.0625 21.6399 1
496.774  438.56  518.608  432.917 8.99662 0.0625 79.5871 1
504.975  472.015  517.042  468.227 5.96838 0.0625 31.2772 1
527.537  428.638  542.538  424.642 6.31262 0.0625 72.123 1
548.171  459.756  563.045  455.33 5.36276 0.0625 39.8446 1
570.5  418.199  623.843  398.426 9.31179 0.0625 186.627 1
573.69  453.189  587.982  449.245 5.88393 0.0625 46.9447 1
624.883  439.948  642.941  435.167 5.34535 0.0625 61.9379 1
638.125  396.264  647.201  393.514 5.07512 0.0625 15.2128 1
653.786  432.652  671.91  428.154 5.59689 0.0625 70.8503 1
688.086  380.083  714.194  372.452 4.23815 0.0625 65.6389 1
720.409  417.186  734.928  412.978 5.3863 0.0625 42.6964 1
727.213  369.584  738.656  365.997 3.51779 0.0625 22.759 1
748.347  409.676  771.314  403.553 6.8279 0.0625 73.4215 1
759.11  360.093  787.173  352.319 4.03054 0.0625 56.9202 1
791.593  350.823  816.278  343.728 4.25293 0.0625 70.8738 1
817.157  392.306  843.359  386.169 6.75411 0.0625 95.8784 1
828.122  340.196  854.512  332.54 5.26461 0.0625 55.6641 1
857.959  382.306  885.231  375.377 6.03005 0.0625 112.879 1
868.61  328.85  887.339  322.985 4.71377 0.0625 37.3821 1
889.257  322.712  910.402  316.182 4.56648 0.0625 56.0499 1
939.314  361.648  972.185  353.152 5.65714 0.0625 148.706 1
986.938  349.095  1019.92  340.038 4.04686 0.0625 102.859 1
912.396  316.134  1101.25  262.607 6.09727 0.0625 277.211 1
342.627  513.984  454.107  484.819 5.66514 0.0625 16.0062 1
324.603  507.884  1120.45  295.315 6.71564 0.0625 1856.77 1
851.768  620.502  851.191  712.498 3.53983 0.25 102.087 1
1491.9  822.732  1502.21  894.12 12.0196 0.25 297.266 1
517.892  143.46  579.487  107.478 4.53108 0.03125 326.78 1
664.084  38.7868  701.577  16.9178 5.03892 0.03125 152.691 1
512.614  138.456  682.574  41.6295 5.37638 0.03125 469.667 1
598.443  429.285  616.258  424.582 2.13473 0.25 7.48034 1
1352.43  270.495  1352.41  278.507 5.01154 0.03125 3.3468 1
1361.15  300.336  1361.83  315.396 6.63447 0.03125 74.8897 1
1360.62  321.54  1370.01  529.432 7.31535 0.03125 1391.39 1
1370.92  561.451  1377.05  737.376 8.3089 0.03125 1250.37 1
1370.06  756.518  1371.03  780.559 3.35093 0.03125 14.0595 1
713.001  403.387  1027.1  319.988 6.23225 0.25 606.222 1
1301.01  699.926  1282.75  721.876 6.67327 0.25 74.7196 1
1273.45  504.758  1293.02  659.922 21.4995 0.25 91.5065 1
447.41  759.714  454.519  760.24 3.06566 0.0625 9.15568 1
481.505  758.406  495.517  759.211 4.05074 0.0625 16.5032 1
630.63  768.541  644.511  770.421 5.00623 0.0625 0.625306 1
960.487  770.221  979.494  769.358 4.85866 0.0625 14.3113 1
1033.86  775.675  1047.38  777.415 7.42393 0.0625 29.8288 1
1070.49  762.8  1091.53  763.825 2.85054 0.0625 34.7298 1
1076.37  784.195  1086.47  784.946 4.43437 0.0625 25.6933 1
1161.43  764.49  1181.4  765.903 3.99003 0.0625 29.7847 1
1265.5  794.03  1275.5  793.968 1.05626 0.0625 5.60383 1
1034.43  777.98  1143.55  775.744 9.28074 0.0625 48.0534 1
382.589  421.653  430.966  404.953 9.05899 0.0625 126.907 1
433.297  403.926  504.84  378.633 6.70438 0.0625 295.68 1
442.931  487.921  454.116  484.532 5.07512 0.0625 20.0994 1
460.033  279.663  470.57  274.835 6.21164 0.0625 26.083 1
463.454  445.334  473.511  442.541 3.05158 0.0625 16.468 1
479.128  269.691  488.009  265.608 5.23182 0.0625 22.8887 1
506.538  323.863  516.761  319.37 6.58906 0.0625 28.6569 1
515.775  253.016  528.03  246.495 5.05381 0.0625 20.0607 1
527.277  315.322  537.542  310.944 6.03283 0.0625 28.5954 1
542.36  319.154  555.961  313.636 2.63156 0.0625 6.19822 1
548.183  459.764  563.037  455.28 5.36463 0.0625 40.924 1
593.662  520.358  603.32  518.541 1.96551 0.0625 8.0824 1
609.228  463.683  616.429  461.287 3.47801 0.0625 11.5278 1
611.114  291.496  636.577  281.699 3.94844 0.0625 58.0398 1
624.618  439.958  642.01  435.484 5.34061 0.0625 64.8322 1
635.122  328.616  645.382  324.225 3.41251 0.0625 8.23932 1
638.157  396.61  646.801  393.281 5.02536 0.0625 14.1456 1
642.887  268.575  659.261  261.188 7.75835 0.0625 67.6569 1
651.688  189.911  665.911  183.397 7.12072 0.0625 79.9235 1
653.777  432.631  671.914  428.193 5.63172 0.0625 67.1091 1
660.877  323.673  781.216  282.667 7.59351 0.0625 342.472 1
670.415  257.636  688.158  250.035 7.61712 0.0625 89.2932 1
677.641  177.842  695.336  169.216 7.58422 0.0625 76.1476 1
693.33  489.716  736.473  480.374 3.09366 0.0625 90.5312 1
699.704  453.346  741.677  443.234 3.72509 0.0625 136.23 1
719.598  323.279  740.571  317.184 8.48636 0.0625 121.753 1
720.667  417.083  734.929  412.996 5.36321 0.0625 42.2215 1
726.897  235.927  747.701  227.447 7.47862 0.0625 95.928 1
727.213  369.584  738.656  365.997 3.51779 0.0625 22.759 1
732.954  153.349  750.748  143.833 7.89468 0.0625 111.461 1
748.315  409.612  771.309  403.589 6.81768 0.0625 73.4215 1
753.781  312.339  775.679  305.034 7.59385 0.0625 125.711 1
758.419  223.762  780.79  214.676 7.18132 0.0625 106.266 1
759.102  360.1  773.371  356.047 3.98984 0.0625 25.4453 1
763.673  139.063  784.44  129.554 7.30713 0.0625 126.922 1
817.127  392.24  843.355  386.237 6.74125 0.0625 94.8203 1
821.051  290.448  844.705  283.764 8.95387 0.0625 159.544 1
822.948  198.341  846.272  189.547 7.93 0.0625 135.701 1
858.775  278.608  885.102  270.439 8.13473 0.0625 134.359 1
857.713  382.343  885.23  375.39 6.04155 0.0625 113.323 1
861.314  95.4242  886.465  84.7795 9.0334 0.0625 158.253 1
868.587  328.783  887.359  323.039 4.70275 0.0625 37.8505 1
928.794  233.368  1001.9  208.637 7.1874 0.0625 207.564 1
932.969  154.988  963.59  142.087 9.70191 0.0625 199.947 1
937.833  253.605  967.616  243.937 8.68432 0.0625 200.093 1
939.316  361.83  972.296  353.747 6.72267 0.0625 151.031 1
977.46  137.451  1009.63  126.987 9.24668 0.0625 182.711 1
982.652  239.027  1014.81  228.524 8.65177 0.0625 204.964 1
987.13  350.072  1020.11  341.993 6.6589 0.0625 147.74 1
1003.29  207.834  1065.99  188.046 10.0369 0.0625 129.007 1
1095.11  322.798  1109.39  320.748 7.21314 0.0625 46.8083 1
291.485  586.416  1101.93  440.872 4.95394 0.0625 2515.65 1
347.645  352.537  965.231  83.5851 7.07923 0.0625 349.631 1
313.473  588.345  1027.07  465.83 6.03085 0.0625 495.312 1
483.751  527.643  646.042  491.964 10.9224 0.0625 380.954 1
545.22  151.988  582.902  131.405 2.95733 0.0625 107.472 1
376.838  262.243  730.274  76.1716 12.5434 0.0625 666.782 1
551.223  155.98  582.793  139.173 2.97857 0.0625 76.1788 1
1012.52  139.565  1067.19  119.65 3.75838 0.0625 14.0424 1
447.605  601.333  466.431  598.956 4.33436 0.0625 2.30802 1
272.125  522.098  1120.43  295.244 6.61642 0.0625 2075.86 1
333.636  659.24  411.705  653.12 6.6851 0.0625 358.983 1
1221.57  277.425  1235.3  306.116 13.2607 0.0625 101.39 1
455.396  854.691  482.451  857.057 5.28022 0.0625 52.8767 1
725.5  876.155  744.5  876.156 3.00049 0.0625 21.1129 1
1032.41  874.74  1075.49  877.695 4.97783 0.0625 81.1216 1
1077.36  877.896  1130.47  881.079 6.01105 0.0625 104.079 1
1165.42  883.643  1234.58  888.406 5.88138 0.0625 196.746 1
151.685  832.89  1321.79  892.825 38.1325 0.0625 246.533 1
528.285  146.114  586.127  113.832 3.6128 0.25 76.5439 1
62.5187  611.817  156.476  614.386 13.3231 0.25 161.082 1
62.4894  627.206  73.5111  626.807 3.14258 0.25 6.27622 1
738.469  336.41  725.599  340.791 4.12887 0.125 22.8387 1
738.938  349.654  725.289  353.808 5.948 0.125 41.535 1
738.807  325.488  727.924  328.866 4.41311 0.125 19.5396 1
773.209  325.615  756.087  331.243 4.13886 0.125 32.1709 1
774.934  338.594  759.412  343.204 5.67592 0.125 39.1417 1
773.822  313.433  760.94  317.875 4.17237 0.125 28.2394 1
815.709  316.169  792.766  323.35 3.52597 0.125 37.2854 1
843.537  303.608  824.078  310.267 3.88534 0.125 39.0175 1
845.799  317.169  828.188  322.462 5.74609 0.125 42.1897 1
886.503  304.508  864.051  311.316 6.20499 0.125 49.014 1
884.367  291.062  866.218  296.571 4.95569 0.125 40.0629 1
966.984  265.776  942.118  273.223 4.30841 0.125 54.2644 1
969.893  280.337  943.155  287.837 5.6244 0.125 67.2854 1
966.803  252.282  958.837  255.37 3.52006 0.125 6.75976 1
1014.68  251.075  986.377  260.115 4.07469 0.125 58.553 1
1017.95  265.568  990.193  273.415 5.68892 0.125 65.9071 1
1073.75  237.302  1020.25  253.689 3.78078 0.125 103.389 1
1111.22  221.886  1080.14  231.319 4.49416 0.125 54.3705 1
1113.67  238.108  1080.5  247.504 6.31794 0.125 57.7649 1
1109.68  204.069  1089.49  210.467 2.71846 0.125 31.4686 1
876.681  280.022  781.363  313.106 4.44366 0.125 27.0665 1
1139.33  475.374  1102.54  480.784 5.23776 0.125 124.558 1
1036.4  491.843  951.331  504.348 7.52763 0.125 141.917 1
1134.45  452.225  951.485  483.415 2.96246 0.125 3.83098 1
403.621  193.694  493.347  137.861 5.09427 0.0625 316.431 1
507.43  141.149  584.674  97.5821 5.31931 0.0625 433.968 1
533.753  142.956  585.739  114.127 3.4902 0.0625 179.133 1
542.394  146.308  585.828  122.285 3.16356 0.0625 143.71 1
601.954  87.3061  651.546  59.3555 5.55948 0.0625 276.71 1
662.203  39.7233  701.775  16.9779 5.07222 0.0625 183.318 1
670.162  48.7008  710.905  26.2348 5.37689 0.0625 194.437 1
393.817  212.477  715.518  33.3288 13.587 0.0625 1525.78 1
367.597  671.805  361.68  712.526 5.26941 0.125 100.133 1
392.538  522.346  388.85  545.396 4.97669 0.125 67.2545 1
400.096  498.896  395.135  518.655 8.01512 0.125 65.3061 1
383.893  576.855  374.578  628.978 5.98583 0.125 68.8583 1
1162.94  341.362  1186.22  584.047 9.84739 0.125 67.2343 1
1169.7  340.166  1194.78  580.157 9.35546 0.125 690.52 1
246.583  702.266  242.439  718.484 3.85434 0.0625 40.0343 1
279.743  747.528  278.712  756.524 5.84716 0.0625 8.23721 1
307.621  521.301  303.178  540.975 5.88444 0.0625 35.7586 1
321.558  456.046  318.079  470.934 6.23411 0.0625 20.159 1
354.141  672.438  346.08  718.775 9.03965 0.0625 84.871 1
359.041  661.329  355.489  670.868 6.19123 0.0625 24.3266 1
359.254  395.215  356.348  407.923 5.01419 0.0625 33.7562 1
370.652  329.532  367.216  345.653 4.39327 0.0625 41.974 1
380.241  592.761  376.993  614.424 4.94471 0.0625 50.5296 1
386.538  579.39  380.069  590.822 8.66927 0.0625 12.9227 1
386.157  261.438  383.995  273.409 4.56479 0.0625 6.26019 1
392.449  523.491  388.601  545.342 4.75082 0.0625 82.1774 1
398.014  504.126  395.764  519.088 7.81466 0.0625 27.1072 1
405.952  454.014  402.359  465.456 3.81628 0.0625 8.56108 1
414.797  425.275  409.695  441.243 7.88533 0.0625 30.9392 1
423.88  297.621  416.954  319.326 7.58068 0.0625 14.8208 1
420.872  442.407  418.78  456.541 2.67477 0.0625 4.30155 1
427.151  357.368  423.801  366.236 5.38415 0.0625 4.99488 1
428.338  245.096  425.627  252.892 4.10657 0.0625 12.8715 1
444.826  236.619  441.443  245.846 4.444 0.0625 7.54211 1
477.207  219.09  474.442  227.799 5.06819 0.0625 6.1326 1
491.602  211.519  489.915  220.577 2.58323 0.0625 5.29131 1
401.729  252.149  312.301  703.867 7.30596 0.0625 182.084 1
345.35  341.652  285.442  634.875 9.3346 0.0625 92.8862 1
443.23  265.171  284.706  699.683 67.6647 0.0625 104.418 1
1145.35  198.517  1155.62  284.485 2.60925 0.125 76.9993 1
1162.74  339.477  1186.23  584.046 9.85126 0.125 68.4854 1
413.325  656.052  404.581  698.486 13.6586 0.25 40.9825 1
802.182  726.909  785.272  723.698 6.6905 0.0625 40.3867 1
844.886  726.425  821.577  722.086 4.7794 0.0625 90.2552 1
880.64  723.63  867.654  721.544 4.65537 0.0625 45.9615 1
933.387  724.066  919.349  721.251 5.10158 0.0625 47.2018 1
990.948  724.121  967.827  719.764 5.21249 0.0625 69.8898 1
1021.51  717.896  998.498  717.676 2.04778 0.0625 27.6483 1
1023.5  746.114  1004.48  745.961 5.07196 0.0625 77.0003 1
1094.61  760.99  1070.45  759.198 3.17516 0.0625 45.7458 1
1182.6  737.811  1176.59  736.912 3.11483 0.0625 1.49242 1
1350.4  792.962  1330.5  791.544 2.77904 0.0625 42.2778 1
1095.48  768.061  964.472  763.273 6.68995 0.0625 207.743 1
839.536  713.411  781.5  711.498 4.68952 0.0625 68.9046 1
767.334  728.244  751.983  724.821 5.64505 0.25 2.85829 1
803.17  727.3  777.214  721.868 6.85159 0.25 25.7277 1
846.681  725.756  805.706  721.513 7.03306 0.25 15.2978 1
1058.5  765.45  1031.51  764.313 1.46201 0.25 7.48034 1
1096.53  761.063  1068.52  759.204 3.3952 0.25 22.8495 1
842.509  713.108  753.512  710.999 7.61163 0.25 62.4156 1
675.5  4.87771  9.5  4.87179 1.00592 0.25 385.09 1
5.5  6.5  5.5  569.5 1 0.25 323.077 1
1550.5  72.3525  1531.5  72.6334 2.19196 0.25 9.57024 1
38.4912  69.3554  53.5102  69.5098 3.0821 0.0078125 1.58768 1
1466.5  573.342  1439.5  573.048 2.13066 0.25 14.4087 1
1549.5  573.311  1532.51  573.059 2.04434 0.0625 7.77932 1
1439.51  569.84  1465.52  569.271 3.21797 0.25 17.3855 1
1532.5  69.665  1550.5  69.6558 2.00824 0.0625 2.80544 1
1545.9  41.4986  1545.99  67.5018 1.0861 0.25 3.15222 1
1532.5  569.71  1549.5  569.705 2.00511 0.25 0.273636 1
1545.9  540.495  1546.22  567.503 1.27277 0.25 8.4017 1
48.1701  67.4809  48.6005  37.4871 2.38717 0.25 8.0884 1
1542.41  54.4956  1543.22  37.439 2.75767 0.015625 17.1835 1
1452.5  545.5  1452.5  558.5 1 0.0078125 13.0164 1
1598.5  2.79724  3.5  2.80337 3.00612 0.25 2866.06 1
374.175  224.95  712.253  31.3058 20.5877 0.0625 1712.6 1
503.556  750.675  951.5  759.524 7.41337 0.0625 1881.76 1
964.369  606.195  1126.54  589.92 6.85236 0.25 397.824 1
591.566  917.773  793.54  936.062 7.53768 0.125 436.992 1
578.15  178.831  831.576  50.65 7.58928 0.0625 339.335 1
1598.5  4.87509  764.5  4.87623 1.00114 0.25 486.72 1
821.694  198.625  885.878  174.106 7.86185 0.0625 244.051 1
1126.63  116.427  1198.02  241.201 8.81886 0.0625 335.576 1
633.441  818.499  634.754  681.502 6.95794 0.0625 243.356 1
1115.01  656.331  1180.63  572.743 8.79853 0.25 203.089 1
291.586  535.315  250.105  739.826 6.94279 0.0625 131.938 1
821.773  174.185  883.698  149.49 7.63577 0.0625 234.855 1
1087.41  712.254  1166.96  616.715 5.13103 0.25 133.812 1
1195.48  572.756  1238.89  608.026 13.1953 0.0625 357.107 1
320.058  588.996  310.031  637.609 5.23146 0.0625 128.5 1
884.521  903.315  993.506  915.449 2.86694 0.03125 337.537 1
219.531  599.671  482.266  552.207 7.64498 0.0625 742.447 1
556.327  189.154  648.357  143.214 6.70968 0.0625 281.99 1
721.782  214.203  777.79  191.731 6.84616 0.0625 196.481 1
793.438  864.03  746.589  870.181 13.7811 0.0625 173.539 1
1089.54  398.497  1084.66  328.35 6.66102 0.25 190.585 1
301.269  460.73  1110.78  196.425 7.80748 0.0625 783.45 1
292.794  592.106  281.886  639.358 5.19601 0.0625 104.678 1
135.68  881.137  121.013  931.358 7.2463 0.0625 138.506 1
1157.52  768.36  1064.48  766.392 3.61249 0.0625 110.984 1
6.02506  593.953  127.319  617.434 10.3282 0.0625 685.038 1
382.294  504.925  371.031  548.117 6.44726 0.0625 121.924 1
337.096  716.61  347.125  662.246 5.71901 0.125 141.085 1
736.664  675.509  739.043  631.529 5.20878 0.0625 199.431 1
1444.53  792.213  1494.59  797.709 4.38911 0.0625 84.3185 1
1055.02  739.938  1107.9  676.67 6.37926 0.0625 216.796 1
989.396  416.589  982.996  265.564 7.33243 0.25 130.635 1
886.581  633.541  820.437  638.692 4.54686 0.0625 109.655 1
642.069  521.196  836.026  495.868 9.79646 0.0625 405.252 1
215.023  880.284  191.652  932.02 6.02375 0.25 136.688 1
355.942  710.728  381.136  551.285 4.61086 0.25 141.812 1
1129.84  594.583  1086.63  648.219 8.59946 0.25 127.082 1
731.182  130.076  813.122  94.627 6.7903 0.0625 196.159 1
1307.24  911.781  1478.32  931.1 13.3682 0.0625 623.563 1
1151.76  182.258  1194.39  580.191 9.37052 0.0625 1416.56 1
570.738  297.075  607.489  281.894 6.89401 0.0625 98.3366 1
414.858  425.314  403.158  465.691 7.64221 0.125 58.5447 1
1323.36  912.664  1411.56  915.68 23.576 0.0625 687.263 1
847.679  204.52  843.536  446.535 5.01609 0.0625 128.649 1
511.247  355.469  750.789  264.624 7.48585 0.0625 342.709 1
535.455  914.834  1075.56  925.235 23.7139 0.0625 92.3341 1
1295.22  60.434  1299.59  306.463 11.3627 0.125 545.034 1
1468.52  802.853  1394.52  802.006 6.10261 0.25 97.9679 1
365.857  583.775  356.39  630.478 5.15514 0.125 126.902 1
548.982  459.38  587.982  449.379 4.93681 0.0625 82.5862 1
700.477  666.666  702.38  632.493 6.43293 0.25 77.923 1
334.826  518.096  325.901  555.115 5.6678 0.0625 88.0018 1
445.498  534.492  641.626  494.11 8.98512 0.0625 391.215 1
224.709  692.716  273.249  420.919 6.75013 0.25 93.7228 1
1192.3  611.868  1244.93  640.906 7.13848 0.125 54.0591 1
972.292  226.864  509.131  378.313 12.5289 0.125 304.275 1
426.085  356.231  420.556  385.321 5.65267 0.125 46.1581 1
535.34  225.178  570.976  207.447 4.96169 0.0625 68.2478 1
1252.88  351.605  1274.69  555.839 17.4097 0.125 348.604 1
302.779  674.549  295.63  715.171 4.8691 0.0625 68.7873 1
965.554  160.421  978.58  497.574 5.57084 0.0625 169.564 1
780.629  137.747  703.727  175.956 4.01591 0.125 62.166 1
1470.55  919.07  1415.38  912.53 6.42917 0.125 116.18 1
482.22  478.116  517.058  468.528 5.4267 0.0625 47.8712 1
934.565  279.715  889.482  293.442 3.78373 0.125 65.7114 1
1241.54  647.415  1177.77  614.93 3.68388 0.25 60.2719 1
815.01  213.72  696.661  260.371 15.3137 0.125 46.1592 1
1576.54  909.823  1513.44  908.484 9.76448 0.125 150.489 1
671.32  598.196  697.646  594.558 3.58436 0.0625 45.1665 1
666.438  364.413  656.553  484.587 5.12141 0.03125 155.673 1
349.182  449.14  339.662  483.998 5.00595 0.0625 56.3868 1
396.655  433.25  386.442  467.779 6.32086 0.0625 54.7399 1
40.5023  569.8  94.5021  569.706 2.09373 0.0625 53.704 1
790.419  115.512  491.028  252.277 10.9613 0.25 764.553 1
298.764  450.267  1106.9  171.768 6.23092 0.0625 1686.29 1
1090.42  749.183  1062.47  745.727 5.08494 0.0625 14.5997 1
992.713  723.078  942.486  718.658 5.50896 0.0625 34.2488 1
1013.18  237.497  987.882  245.682 3.41449 0.125 24.6229 1
380.156  316.919  418.697  299.087 6.70512 0.0625 9.93817 1
891.788  725.009  847.571  719.89 5.87682 0.0625 56.1442 1
3.42403  3.50013  3.29749  906.5 5.09207 0.25 2498.19 1
706.348  218.551  527.7  324.146 28.0903 0.25 151.503 1
1016.09  868.963  1359.5  913.517 22.122 0.0625 534.483 1
345.936  312.402  811.222  87.6446 47.8917 0.0625 579.862 1
443.826  247.171  482.918  227.351 4.89927 0.0625 38.0404 1
938.782  724.708  894.615  717.769 4.48892 0.0625 44.9976 1
618.461  373.372  1073.56  233.682 2.52111 0.0625 41.8126 1
462.283  264.076  488.96  250.443 2.8095 0.0625 26.5164 1
1524.5  72.338  1446.5  72.325 3.00878 0.015625 101.042 1
853.431  63.6984  974.906  104.285 8.10034 0.25 41.084 1
1161.22  175.987  1214.61  271.882 6.84203 0.0625 455.893 1
516.27  371.793  1049.89  192.66 5.99845 0.0625 1161.98 1
275.756  491.066  905.413  339.968 76.8919 0.0625 348.915 1
1276.89  268.298  1281.9  203.608 9.80381 0.25 186.898 1
1307.95  531.504  1305.03  869.496 7.14593 0.0625 23.2156 1
756.316  468.592  1132.47  392.366 3.66213 0.0625 362.729 1
359.624  219.841  570.21  113.987 36.7961 0.0625 900.501 1
581.125  205.712  642.129  176.72 3.20123 0.0625 95.0953 1
489.88  536.846  603.336  518.487 4.78881 0.0625 2.79917 1
1084.92  324.877  1114.35  319.637 7.80853 0.0625 94.8426 1
279.19  500.433  1117.07  257.01 5.31639 0.0625 817.987 1
534.477  150.457  586.284  122.105 3.14203 0.0625 122.856 1
1035.6  743.879  983.826  747.803 9.14017 0.0625 40.0666 1
1333.23  51.45  1379.67  730.215 14.5112 0.03125 2231.85 1
192.488  743.042  419.531  748.124 5.45409 0.0625 831.734 1
654.536  754.249  1055.55  760.66 5.85968 0.0625 2004.63 1
1176.71  514.147  1141.29  192.193 6.17533 0.03125 1239.35 1
476.595  621.358  630.691  604.217 6.7753 0.0625 330.007 1
786.716  929.432  266.546  875.059 8.71907 0.0625 224.494 1
1233.49  394.229  1218.91  287.308 6.21364 0.0625 602.096 1
747.886  8.36212  1055.53  129.508 29.3609 0.0625 899.486 1
405.227  284.965  479.731  246.952 8.16244 0.0625 111.737 1
1138.49  544.396  705.389  596.583 5.56083 0.25 329.554 1
1094.34  659.996  1041.15  736.259 10.3195 0.25 186.514 1
1032.5  736.378  661.501  736.936 7.56073 0.0625 384.293 1
645.433  741.088  260.471  735.488 10.3335 0.125 464.774 1
829.258  839.63  1571.89  909.896 35.1238 0.0625 398.96 1
323.128  397.086  476.604  336.288 6.04052 0.0625 54.0561 1
890.546  153.617  719.372  221.663 8.14403 0.25 50.3448 1
317.965  383.62  948.147  122.059 10.3688 0.0625 829.999 1
1299.18  234.881  1252.01  815.46 22.6232 0.0625 1229.72 1
519.695  490.352  935.6  394.937 2.20743 0.0625 39.8919 1
381.318  492.555  979.243  332.54 9.00523 0.0625 964.228 1
1119.55  226.495  1152.99  564.352 10.881 0.125 839.098 1
764.084  260.33  1046.94  159.73 3.73141 0.0625 581.154 1
1250.39  624.556  1283.41  101.747 11.8061 0.03125 3203.85 1
1310.34  744.408  1298.05  364.385 6.34133 0.03125 1854 1
403.43  248.497  727.462  75.4292 7.49823 0.0625 833.28 1
727.122  32.8298  401.509  216.516 10.0911 0.0625 1719.37 1
393.14  227.892  280.075  480.757 4.24959 0.0625 329.722 1
597.691  301.41  556.774  670.641 4.94074 0.03125 323.074 1
555.925  241.382  851.187  98.9977 10.5528 0.0625 300.156 1
1326.24  786.477  1304.29  86.5065 9.2345 0.0625 1532.52 1
359.631  580.266  766.685  510.579 5.80379 0.0625 226.335 1
