263
1242.11  858.117  1265.22  835.218 4.26207 0.25 4.38945 0
542.833  764.833  580.84  726.84 2 0.03125 7.91233 0
424.091  540.112  447.317  517.323 3.04338 0.0625 2.0469 0
830.952  726.445  864.869  723.491 2.86014 0.03125 4.13422 0
716.427  614.628  726.108  599.72 4.12129 0.0625 1.02863 0
232.937  772.601  256.979  773.541 3.84059 0.0625 0.43174 0
341.19  537.722  316.775  544.147 2.95216 0.0625 0.43174 0
216.796  564.336  268.797  548.339 2.12008 0.0625 1.62107 0
494.811  134.811  522.818  106.818 2.83282 0.125 2.09119 0
681.379  312.102  713.073  301.211 4.20755 0.125 0.701112 0
711.467  332.255  759.508  314.365 3.70946 0.125 0.95052 0
1167.51  93.5152  1199.55  61.5494 2 0.25 4.60857 0
578.907  472.693  546.832  482.447 3.24503 0.125 2.92774 0
1069.18  702.919  1114.97  698.704 3.29945 0.125 5.81486 0
551.021  513.157  581.014  509.101 2.96392 0.125 1.16693 0
591.031  455.102  534.838  472.476 3.36906 0.25 0.0843346 0
417.647  807.126  410.693  842.94 3.54549 0.125 0.439389 0
110.519  578.827  95.9437  619.34 3.21147 0.25 0.320973 0
504.995  514.98  446.992  528.966 3.75045 0.25 2.09567 0
474.907  592.559  522.886  582.457 3.08998 0.125 0.803913 0
1245.56  123.57  1215.37  153.377 2 0.25 2.03338 0
1270.78  677.958  1297.3  672.47 4.72758 0.25 0.590973 0
1195.58  69.5852  1167.42  97.4235 3.28318 0.125 5.42736 0
1141.17  568.124  1119.08  571.503 4.83815 0.25 0.85791 0
514.98  526.891  479.109  533.584 4.0354 0.125 0.975368 0
453.246  546.289  491.017  539.091 3.02205 0.125 2.21989 0
366.299  804.832  358.609  836.906 3.58249 0.125 1.5765 0
1298.5  4.82909  5.5  4.8337 2.00461 0.25 1541.53 1
793.052  86.6159  822.714  71.9333 6.3004 0.25 37.6559 1
585.349  203.243  621.551  185.605 4.56493 0.25 95.3811 1
567.203  279.056  606.345  261.371 5.55563 0.25 116.302 1
596.371  245.851  579.283  231.563 6.67875 0.25 28.5199 1
872.704  88.9377  886.881  108.939 8.46771 0.25 29.7102 1
1083.08  521.552  1079.21  490.288 3.85493 0.03125 112.261 1
449.846  297.356  455.982  269.386 3.50319 0.25 34.5163 1
1109.62  757.587  1105.73  718.378 3.1998 0.25 56.1972 1
39.9161  330.53  70.9039  346.727 4.73359 0.25 46.6045 1
1013.19  295.341  1033.56  325.139 5.07914 0.25 44.1915 1
1280.4  482.48  1280.9  504.514 3.38669 0.0625 67.6628 1
1021.27  128.617  1054.75  165.36 5.58502 0.25 87.2933 1
1267.09  458.684  1275.06  468.195 7.93442 0.0625 52.7777 1
218.874  306.643  210.504  328.501 5.54394 0.25 49.6227 1
213.372  259.449  204.979  280.689 3.15757 0.125 36.6185 1
1108.66  224.143  1124.33  241.649 4.90309 0.03125 70.6974 1
606.345  389.293  596.091  446.606 7.74908 0.25 66.7228 1
260.569  840.741  270.914  794.818 6.80205 0.25 78.8116 1
997.37  562.994  992.609  542.475 6.38251 0.0625 55.9699 1
790.494  848.932  824.533  848.569 5.17016 0.25 37.3901 1
528.462  806.806  531.318  788.472 5.6206 0.0625 54.2474 1
187.162  840.951  198.603  798.799 5.69391 0.25 91.24 1
401.983  835.207  410.198  792.635 5.77073 0.25 75.5009 1
935.828  512.498  935.86  542.503 6.02439 0.25 86.3878 1
1190.56  652.331  1186.09  624.405 3.51241 0.125 66.5631 1
515.457  230.707  505.322  218.476 4.75189 0.0625 35.0175 1
156.512  836.263  161.281  817.445 5.09244 0.125 42.6469 1
55.4058  823.473  63.591  795.236 5.88795 0.25 40.8928 1
378.378  203.967  407.731  211.611 3.5786 0.125 44.6446 1
970.925  554.71  973.584  536.66 6.4881 0.125 38.7681 1
773.904  844.552  776.65  770.469 5.88652 0.25 117.031 1
1298.63  760.421  1296.77  733.62 6.05491 0.0625 44.1885 1
58.7367  396.999  100.838  416.9 5.30879 0.25 116.945 1
224.061  831.27  231.594  806.227 7.08488 0.25 44.7118 1
1252.95  476.31  1259.81  456.61 9.52836 0.25 61.5875 1
504.439  733.578  524.549  732.244 2.66258 0.0625 49.7024 1
428.049  794.821  426.25  809.098 7.8123 0.125 51.8707 1
175.899  821.327  171.912  835.193 6.87166 0.0625 44.1445 1
934.401  458.418  935.424  494.502 5.99759 0.25 81.8055 1
1287.85  502.6  1292.65  485.831 6.72907 0.25 52.4929 1
281.72  271.242  286.492  256.828 5.71582 0.0625 58.8134 1
28.8929  838.977  42.6883  796.561 5.11031 0.25 73.4373 1
197.206  798.672  198.616  776.507 5.37086 0.25 10.4252 1
309.302  812.76  312.17  792.885 6.35692 0.125 40.5314 1
783.268  223.021  807.408  211.31 3.62568 0.125 30.8799 1
102.728  411.029  70.5213  395.456 4.35332 0.25 57.3235 1
946.569  845.426  986.589  844.001 7.42262 0.25 73.1549 1
361.807  288.602  366.572  274.193 4.7699 0.0625 49.1778 1
1281.03  746.408  1289.66  796.126 5.21907 0.25 47.2329 1
234.639  307.604  247.671  270.56 8.83702 0.25 124.97 1
355.52  119.571  380.739  112.331 4.96674 0.125 61.265 1
1122.41  538.819  1115.92  516.671 5.30959 0.25 25.1338 1
329.532  801.97  325.977  815.167 8.13446 0.0625 48.097 1
115.531  377.445  91.4165  363.646 4.08564 0.0625 56.906 1
281.601  820.525  275.968  843.115 6.3107 0.25 68.1121 1
267.802  209.803  241.587  215.876 5.84517 0.25 68.6336 1
1032.85  469.382  1012.79  445.083 6.40236 0.25 28.7241 1
162.124  497.993  187.601  501.833 3.65727 0.0625 75.7336 1
7.94822  838.299  20.8388  802.989 4.26443 0.25 56.0382 1
445.514  331.53  419.399  343.274 1.82405 0.25 15.9092 1
443.565  405.393  470.125  421.467 4.99749 0.25 57.8968 1
94.4434  523.557  81.3499  510.652 4.99576 0.0625 29.9269 1
882.511  842.503  882.582  814.495 7.04084 0.25 40.855 1
620.975  284.687  607.702  290.004 4.27222 0.125 32.8755 1
484.438  805.311  481.66  820.885 6.54009 0.0625 72.7672 1
462.461  296.417  430.466  311.427 1.33005 0.25 8.88621 1
93.762  821.594  89.0738  834.705 7.53294 0.125 39.4348 1
752.06  832.601  757.565  747.44 4.15488 0.25 166.312 1
434.185  374.779  419.283  381.292 4.58146 0.125 46.5966 1
800.777  794.465  799.531  820.501 6.51397 0.0625 116.204 1
195.644  532.919  172.339  540.939 5.40923 0.125 33.2594 1
197.851  332.649  207.276  310.405 6.80424 0.25 81.2439 1
86.5803  691.94  113.598  695.818 2.4059 0.125 33.2918 1
769.036  788.578  766.49  838.601 6.15982 0.25 88.4862 1
575.801  300.159  603.131  287.691 4.56559 0.125 69.5512 1
30.299  333.834  6.04597  319.255 5.31093 0.25 28.3925 1
1237.93  754.435  1230.27  703.384 5.78527 0.25 49.8464 1
225.998  329.588  234.499  310.064 7.64623 0.25 73.3626 1
909.056  798.472  909.538  842.521 8.30565 0.25 123.162 1
1126.34  840.622  1147.39  836.871 6.08238 0.125 29.911 1
674.109  841.463  680.427  774.211 4.22973 0.25 53.4484 1
679.319  842.572  685.107  776.466 3.59914 0.25 97.9354 1
878.584  215.442  857.152  184.164 13.4426 0.25 81.1471 1
886.503  759.124  903.502  759.267 1.10898 0.0625 4.47004 1
743.603  740.397  718.09  714.909 2.84349 0.125 41.2343 1
571.678  287.906  597.534  276.578 2.11984 0.125 27.2171 1
470.516  621.573  499.45  615.272 2.21461 0.125 23.818 1
740.662  776.562  739.688  794.671 5.40064 0.25 33.9362 1
462.43  157.569  437.524  132.469 2.74635 0.125 31.1451 1
901.345  592.718  915.334  572.065 7.15794 0.125 25.129 1
462.454  723.177  445.511  725.58 3.39156 0.125 12.0834 1
803.89  607.643  813.04  582.698 8.69953 0.25 24.5249 1
438.618  139.362  460.385  161.612 2.95249 0.125 21.2227 1
1149.48  630.335  1128.51  632.548 1.77924 0.125 5.13926 1
1150.46  736.079  1167.5  735.61 2.86125 0.0625 20.8678 1
500.009  379.219  478.009  394.808 10.2714 0.25 96.0194 1
702.126  802.474  701.674  826.541 4.41272 0.25 45.4101 1
1026.96  757.475  1028.61  788.494 1.42445 0.25 7.13629 1
93.3778  136.621  76.9228  120.074 2.84425 0.125 23.818 1
785.243  281.835  695.825  316.343 2.93028 0.25 99.3551 1
404.396  564.698  411.525  532.506 2.6013 0.25 20.3589 1
155.43  643.911  128.525  639.35 2.64045 0.0625 50.3248 1
888.551  720.898  909.57  722.679 2.41516 0.03125 35.0781 1
1266.57  540.038  1286.61  537.282 4.09896 0.25 26.372 1
523.461  95.5386  497.029  68.9681 1.49187 0.0625 36.1499 1
907.845  361.023  915.545  370.666 5.30699 0.125 6.20399 1
1298.44  614.223  1284.41  617.08 1.77809 0.125 7.48034 1
493.482  783.787  526.487  782.961 5.12354 0.25 16.7534 1
494.269  63.708  525.738  94.2548 3.18812 0.25 10.5258 1
1207.27  162.282  1254.03  116.038 1.45336 0.0625 22.0467 1
150.402  605.479  169.412  607.38 3.28362 0.125 10.7336 1
528.493  91.5074  500.444  63.556 2.17889 0.25 33.971 1
1134.5  695.149  1172.49  694.668 2.39232 0.0625 50.9506 1
710.866  547.531  708.909  570.535 1.33559 0.125 8.50922 1
107.568  687.998  88.5137  685.399 2.02645 0.125 20.1236 1
704.56  572.506  709.051  530.559 2.98295 0.25 26.1794 1
1038.16  523.548  1036.84  486.452 5.31588 0.25 37.6946 1
158.549  575.671  145.447  576.214 3.41193 0.125 5.60897 1
406.499  506.499  392.195  513.852 2.69309 0.125 5.87293 1
717.009  566.671  720.984  531.555 2.53095 0.25 2.85829 1
733.151  414.95  722.407  406.619 2.27365 0.125 1.70161 1
1006.3  838.457  1001.93  757.477 6.12683 0.0625 370.368 1
998.538  782.498  996.964  757.471 1.6258 0.0625 11.9947 1
544.486  849.336  1004.51  843.718 5.91885 0.0625 620.296 1
660.723  193.968  800.831  127.097 4.57355 0.03125 302.097 1
10.1451  352.209  167.372  430.756 5.39512 0.125 415.474 1
1121.36  697.417  1228.61  690.117 5.03548 0.125 35.6617 1
901.481  846.918  1066.56  841.439 8.47987 0.25 129.369 1
1013.37  173.389  1032.02  204.788 8.08783 0.25 16.2579 1
246.788  808.829  239.703  836.552 8.47213 0.25 51.3266 1
472.961  422.996  584.032  383.193 5.62561 0.125 317.427 1
731.477  314.436  765.365  302.129 3.58668 0.125 8.43512 1
335.633  351.796  353.743  355.215 5.20866 0.25 7.88502 1
362.985  355.491  401.962  336.401 6.12097 0.25 35.7128 1
107.152  502.541  402.571  404.832 63.1865 0.25 61.446 1
342.368  450.148  440.963  413.073 2.11183 0.25 32.1453 1
194.29  344.419  220.591  276.375 14.3354 0.125 297.371 1
205.269  405.416  215.943  376.296 4.63091 0.125 45.1613 1
222.648  339.555  243.489  283.127 12.3975 0.125 252.413 1
464.352  232.64  526.784  273.061 6.9198 0.25 57.207 1
490.904  240.578  538.399  275.269 6.53041 0.25 45.19 1
378.479  225.49  492.966  264.12 20.6767 0.25 92.0154 1
536.139  260.743  553.377  279.612 6.26176 0.25 34.571 1
787.137  747.497  787.192  758.497 2.03005 0.125 0.672149 1
801.138  772.517  799.269  842.654 10.4898 0.125 369.443 1
809.378  742.495  805.388  842.496 7.71457 0.125 39.0272 1
937.48  688.334  1267.7  648.164 8.63373 0.25 187.709 1
1109.75  252.275  1150.23  296.928 5.90695 0.125 136.313 1
225.579  442.96  180.375  436.354 3.01393 0.25 44.2155 1
378.993  402.315  231.45  465.384 5.5577 0.25 61.4002 1
366.536  463.596  336.896  474.57 2.7095 0.25 17.8898 1
458.967  365.615  398.578  390.912 14.3206 0.25 55.5294 1
456.529  437.439  448.488  433.645 8.08834 0.25 1.16387 1
586.014  386.939  469.839  428.448 5.6562 0.25 101.019 1
581.681  306.576  484.295  348.018 8.5359 0.25 83.7874 1
574.341  300.126  486.153  337.685 5.00736 0.25 114.7 1
543.867  304.575  533.382  308.155 3.18516 0.25 1.91238 1
601.538  282.581  573.978  295.375 5.08607 0.25 21.8257 1
613.368  274.19  600.56  279.642 2.76036 0.25 3.64873 1
630.236  274.872  606.265  284.941 2.43383 0.25 3.74588 1
645.101  289.001  624.486  305.483 3.43733 0.25 7.40062 1
646.395  319.629  635.508  319.263 5.16516 0.25 0.304275 1
799.893  201.397  720.373  236.21 3.85009 0.25 2.69431 1
800.596  222.892  775.617  228.981 3.67357 0.25 6.9311 1
837.805  204.017  813.573  218.318 4.2636 0.25 5.46566 1
893.474  296.716  878.454  294.875 4.9824 0.25 0.344193 1
1216.54  88.7719  1202.52  88.0685 2.89597 0.125 4.91756 1
1224.68  97.3234  1217.3  89.6957 2.22409 0.125 0.584782 1
1235.69  113.685  1212.44  137.442 2.35837 0.25 3.89307 1
398.19  591.69  404.139  570.125 3.52346 0.25 23.3061 1
1208.25  125.157  1223.79  118.152 3.37629 0.125 6.32409 1
1223.94  146.914  1236.65  134.659 2.44882 0.25 4.06324 1
1248.03  126.035  1224.04  150.043 1.42614 0.25 6.48223 1
256.299  582.096  272.399  579.791 4.1032 0.25 13.8608 1
122.147  644.947  131.563  647.243 3.1515 0.125 0.880312 1
131.556  653.049  122.454  652.696 2.80754 0.125 2.24103 1
532.405  563.997  516.411  567.03 1.64323 0.125 2.21087 1
463.733  548.626  492.534  542.664 2.39818 0.25 1.92963 1
626.5  28.5  582.5  28.5 1 0.25 10.9289 1
223.167  507.632  383.735  446.115 4.34202 0.125 448.567 1
5.24448  371.027  165.363  448.721 7.00709 0.125 496.251 1
594.531  851.149  1202.54  839.679 8.96924 0.125 593.837 1
745.708  682.511  738.49  820.447 5.31696 0.0625 190.315 1
457.395  239.791  369.341  208.158 7.82157 0.125 357.708 1
1149.08  834.545  1142.83  776.357 6.26547 0.25 161.608 1
658.976  439.43  639.175  588.59 3.79899 0.125 393.401 1
816.332  178.13  684.325  237.906 13.0623 0.25 109.598 1
587.62  345.829  388.936  417.947 9.83759 0.25 254.67 1
596.61  840.626  602.758  786.416 5.35719 0.25 122.375 1
298.679  532.039  245.274  549.82 5.3822 0.125 159.925 1
348.898  842.792  357.36  802.262 6.23917 0.0625 144.368 1
1174.78  328.767  1223.11  458.645 5.01291 0.25 201.949 1
66.5877  525.282  10.7849  502.793 4.81746 0.25 110.749 1
998.319  99.1007  1184.24  317.508 23.7447 0.0625 401.944 1
645.892  492.75  656.952  386.756 7.89618 0.25 267.471 1
794.63  380.575  782.833  559.39 5.49803 0.03125 692.962 1
899.399  169.18  197.233  480.186 75.2929 0.125 1284.52 1
543.281  389.701  484.834  410.441 6.96121 0.25 152.854 1
173.835  314.796  188.466  248.714 9.56925 0.125 120.114 1
268.523  845.509  382.519  846.81 8.47435 0.125 80.9948 1
595.086  447.379  496.107  478.239 5.53213 0.25 178.103 1
985.407  710.93  1057.49  708.326 4.13587 0.125 57.8629 1
934.281  384.502  937.455  687.49 7.25655 0.125 668.128 1
490.711  141.085  524.482  193.872 7.14674 0.0625 82.5886 1
938.028  732.457  940.651  826.468 5.50015 0.25 103.26 1
1149.01  281.694  1163.64  318.444 3.69796 0.125 81.3833 1
75.7839  833.983  84.7558  804.179 6.20937 0.125 91.6538 1
4.84734  5.50001  4.82104  710.5 3.02011 0.015625 2871.16 1
183.462  246.813  330.389  135.354 13.9011 0.125 171.419 1
455.412  349.302  384.169  380.75 4.52442 0.25 40.0129 1
1170.04  743.319  1174.11  800.528 5.77214 0.125 160.457 1
469.806  298.909  422.395  321.278 5.19297 0.25 101.551 1
1260.89  697.174  1076.65  716.871 6.0723 0.125 169.688 1
475.571  403.699  536.312  381.975 5.63658 0.25 98.161 1
171.476  456.048  382.1  384.324 31.0637 0.25 204.585 1
293.814  407.958  373.598  372.472 3.98768 0.25 37.8511 1
856.881  479.503  856.003  312.497 4.16807 0.0625 455.388 1
221.754  515.165  383.274  453.528 3.23157 0.125 178.211 1
284.642  404.82  236.361  426.186 9.94592 0.25 9.78566 1
289.382  387.45  449.701  345.265 38.5285 0.25 106.478 1
367.907  370.153  291.715  403.718 3.47062 0.25 10.8275 1
800.671  224.38  552.76  325.222 10.0155 0.25 70.4386 1
7.45991  359.557  216.802  462.963 17.2396 0.125 248.759 1
1005.1  129.99  1148.03  281.055 6.56009 0.125 588.761 1
170.051  474.038  739.056  226.371 47.8487 0.125 741.29 1
733.47  712.245  1190.56  658.043 6.65296 0.25 296.728 1
695.981  586.677  707.949  418.532 7.47477 0.25 322.754 1
906.455  544.474  901.448  358.421 10.8543 0.25 157.826 1
618.462  198.422  802.904  109.336 3.73068 0.125 396.21 1
836.584  738.526  504.518  765.718 3.29195 0.125 96.6204 1
149.156  453.727  441.031  326.139 38.3123 0.25 107.393 1
479.79  411.212  771.96  309.701 20.3586 0.125 112.299 1
682.336  231.555  254.081  397.405 66.7843 0.0625 328.309 1
600.582  748.447  1118.6  703.695 6.44668 0.125 165.761 1
951.697  101.916  228.163  444.899 18.0784 0.0625 712.742 1
