299
1.77259  348.5  1.82876  312.499 2.02652 0.25 30.6236 0
297.019  138.033  302.612  132.588 4.28022 0.25 1.88301 0
83.6895  214.613  90.1834  203.715 3.2538 0.25 6.42655 0
300.181  82.7119  290.547  86.6163 2.95585 0.25 2.76188 0
277.717  155.768  291.062  144.96 2.9221 0.25 17.3783 0
152.4  233.43  158.921  224.095 2.70651 0.25 4.73501 0
322.351  67.5413  339.163  47.385 3.20628 0.25 33.6442 0
243.579  294.305  227.74  287.906 2.58493 0.25 13.1638 0
2.50519  1.09239  39.5024  0.768285 3.08748 0.25 21.3696 0
130.935  264.482  137.746  254.01 3.01903 0.25 9.55149 0
254.965  301.815  244.18  294.498 2.48254 0.25 0.757102 0
93.9199  148.327  97.0299  154.269 4.42999 0.25 4.13295 0
230.114  124.017  214.013  136.891 3.12745 0.25 14.1137 0
127.511  291.488  118.637  283.454 2.47405 0.125 4.59989 0
361.682  295.549  372.452  286.282 3.15574 0.25 10.4379 0
249.502  293.496  232.638  286.183 2.20003 0.25 6.88037 0
130.053  253.213  135.896  244.112 2.28539 0.25 1.72471 0
273.312  100.121  259.693  106.888 4.04391 0.25 14.19 0
253.834  100.047  246.437  94.5849 3.391 0.25 3.3503 0
77.4826  306.5  77.7165  316.518 2.20957 0.25 2.32677 0
51.2423  325.029  54.1149  317.356 3.62602 0.125 6.15586 0
313.904  81.1923  316.771  75.6398 4.07093 0.125 5.34447 0
280  297.473  279.676  315.485 2.01766 0.25 8.34737 0
333.641  33.0037  315.951  2.82171 2.64819 0.25 35.5135 0
136.444  306.933  127.707  292.376 2.40126 0.25 10.7556 0
315.501  367.502  325.138  360.967 2.80625 0.25 3.93913 0
364.42  74.4402  350.122  93.4642 3.01443 0.25 30.6236 0
86.103  258.32  87.1366  267.541 2.9751 0.125 2.94838 0
71.1908  276.44  73.7354  263.351 2.37234 0.25 4.52835 0
148.587  216.074  144.628  224.56 5.37671 0.25 7.447 0
283.726  233.678  282.602  222.49 2.68521 0.25 1.6781 0
289.71  240.334  288.415  246.482 2.07525 0.03125 0.104573 0
341.11  42.1797  362.606  19.5502 5.58232 0.25 64.6916 0
375.284  63.3029  365.272  74.2927 3.36715 0.25 13.9952 0
268.755  158.458  270.12  166.728 1.98328 0.0625 1.29995 0
242.332  263.871  245.226  257.378 4.46774 0.25 3.3503 0
299.071  207.4  297.417  214.481 2.46673 0.0625 4.36104 0
278.675  314.322  277.487  326.499 2.98583 0.25 5.14047 0
81.2977  333.453  81.8413  319.474 2.99773 0.25 9.84578 0
138.6  226.985  133.714  217.924 2.54628 0.25 0.412954 0
128.875  180.069  125.048  189.313 3.08975 0.25 0.195982 0
246.172  257.348  259.539  228.518 2.91967 0.25 38.0669 0
335.959  44.224  311.051  2.76961 2.57151 0.25 45.4315 0
164.285  352.083  169.891  344.533 4.01432 0.25 6.88873 0
296.045  218.416  294.552  226.51 2.40585 0.0625 3.56357 0
99.1727  99.443  102.136  82.4366 2.7838 0.25 13.4018 0
194.139  39.6528  184.746  36.7135 5.18736 0.25 8.56304 0
103.847  206.064  111.091  195.227 3.10108 0.25 1.93006 0
175.894  323.5  175.887  308.5 1.00704 0.0625 5.33707 0
109.574  190.567  119.101  179.935 4.08149 0.25 15.6418 0
106.945  362.739  112.665  375.997 4.08725 0.25 7.04352 0
184.091  36.4039  173.925  33.5382 5.08376 0.25 11.1627 0
154.714  144.922  162.69  140.874 3.58034 0.25 0.757102 0
211.371  145.181  205.109  152.148 4.1614 0.25 3.26879 0
258.024  200.796  252.758  192.339 2.64297 0.25 0.412954 0
339.519  280.176  335.845  291.283 3.16958 0.25 6.88873 0
178.767  147.844  186.407  139.312 3.13569 0.25 7.74531 0
334.699  306.578  331.234  315.395 3.72285 0.25 2.44766 0
20.2093  310.667  18.2311  295.405 2.29578 0.25 8.34737 0
63.3777  255.965  58.361  265.426 2.75737 0.25 2.76188 0
313.811  75.712  328.334  54.3867 1.91677 0.25 9.45806 0
161.843  247.491  161.598  265.515 4.12208 0.25 15.8136 0
339.722  339.514  340.163  332.479 2.0587 0.125 0.520588 0
301.93  190.655  298.064  201.342 1.46034 0.125 0.222964 0
281.504  142.517  269.694  145.317 3.43074 0.25 2.47615 0
90.6754  368.294  88.5053  377 4.6041 0.25 3.82666 0
172.318  340.615  173.207  334.318 3.74008 0.0625 0.284419 0
288.817  247.478  289.449  256.504 1.70454 0.125 0.222964 0
191.605  64.6543  164.296  83.1994 4.41384 0.25 35.0872 0
237.766  234.467  233.98  204.44 1.6004 0.25 9.8662 0
158.594  86.8331  148.801  94.8665 4.71743 0.25 15.7342 0
186.355  193.901  200.497  190.488 3.18474 0.25 7.57052 0
137.734  330.773  148.868  334.355 3.43488 0.25 5.71987 0
84.1466  372.782  87.2813  354.463 3.09938 0.25 7.86895 0
141.913  189.152  148.762  197.279 3.62577 0.25 5.71987 0
112.731  190.755  98.5072  203.614 3.28203 0.25 9.84626 0
73.6583  247.05  70.4697  253.018 3.62026 0.125 0.494028 0
145.949  96.9247  112.745  128.711 4.25984 0.25 49.6777 0
50.8429  282.503  50.9686  269.495 1.1256 0.03125 4.34931 0
91.4186  233.292  89.8975  248.54 3.08191 0.25 3.07423 0
350.725  220.61  344.71  232.608 5.36855 0.25 21.0207 0
284.065  292.69  286.591  285.194 4.12 0.25 3.93913 0
101.155  219.278  107.908  208.762 2.82525 0.25 2.44766 0
169.014  190.56  162.662  200.603 2.93228 0.25 5.11794 0
220.252  267.329  230.461  266.162 4.20124 0.25 4.12262 0
51.1793  258.531  52.0476  239.525 2.04356 0.25 4.71615 0
215.287  181.867  222.26  185.913 1.72986 0.0625 0.604546 0
324.273  318.09  321.164  327.388 3.47643 0.25 0.498035 0
123.457  178.473  114.925  192.141 3.50136 0.25 0.778903 0
115.47  59.486  121.151  47.3367 3.44721 0.25 1.93463 0
316.062  34.7948  327.046  51.1328 2.2318 0.25 11.0303 0
140.559  308.47  140.989  323.515 3.22736 0.25 6.6395 0
125.77  370.517  126.606  357.507 2.38021 0.25 5.33707 0
175.423  143.907  170.18  155.8 3.47332 0.25 5.22644 0
282.281  341.153  310.463  350.609 2.85669 0.25 21.8752 0
142.03  201.6  139.217  188.348 2.93461 0.25 8.66219 0
208.511  286.619  194.446  287.903 2.08265 0.25 0.530346 0
298.85  2.87089  316.377  33.5704 2.23912 0.25 22.3156 0
269.509  187.499  271.964  204.433 1.54881 0.125 4.44578 0
284.764  125.405  292.075  115.195 4.88817 0.25 10.7992 0
5.36433  323.515  8.00698  347.444 1.65257 0.25 4.71615 0
159.577  128.69  167.838  125.332 3.23587 0.25 0.999409 0
239.748  230.476  238.76  220.474 2.38362 0.25 1.12265 0
330.423  332.751  325.591  350.525 2.98863 0.25 15.6395 0
69.2479  286.513  69.3997  277.465 4.01621 0.0625 7.81923 0
278.378  90.4143  275.945  65.4566 2.54817 0.25 19.1632 0
270.157  226.538  269.425  200.502 2.11153 0.25 8.60705 0
174.288  193.628  163.419  208.722 3.83033 0.25 13.6311 0
271.52  242.42  270.583  230.493 3.83112 0.25 3.20549 0
361.423  211.403  355.79  215.866 2.51421 0.125 1.10275 0
315.094  22.1398  320.303  33.5895 3.39506 0.25 4.94565 0
122.27  48.5474  138.757  44.563 3.88807 0.25 1.80026 0
342.357  256.462  340.172  264.679 4.63665 0.25 1.93006 0
160.777  147.915  168.16  142.99 2.55185 0.125 0.207105 0
29.2075  334.576  32.2539  346.304 2.65224 0.25 2.2533 0
266.393  144.931  270.389  151.207 4.98537 0.25 2.15656 0
306.819  8.89933  314.979  22.8058 3.30038 0.25 7.73895 0
338.188  326.845  345.4  312.45 1.35174 0.0625 7.84324 0
75.8608  368.846  74.265  356.662 2.67846 0.25 1.88301 0
157.741  267.489  157.193  255.468 2.99688 0.25 3.58003 0
176.441  157.769  186.536  156.947 2.64249 0.25 2.17391 0
208.176  106.992  229  93.7155 3.76321 0.25 8.05451 0
181.688  334.579  176.456  347.062 3.68904 0.25 9.45806 0
253.574  110.626  230.04  124.421 3.36193 0.25 11.4355 0
44.2459  312.524  44.764  296.541 4.32185 0.25 9.85328 0
137.556  290.503  138.568  273.445 2.93552 0.125 3.05874 0
152.942  156.96  160.825  148.814 3.59297 0.25 5.85564 0
263.255  255.795  260.775  270.546 3.63081 0.25 12.3022 0
355.402  370.425  351.127  375.982 2.62176 0.0625 5.31234 0
161.951  223.623  159.714  231.831 4.12219 0.125 2.98322 0
259.205  226.376  262.007  219.713 3.68728 0.125 7.08541 0
161.574  339.552  154.395  349.72 4.03745 0.25 7.1887 0
171.42  74.3943  180.501  67.5019 2.61019 0.25 3.53089 0
71.4924  355.5  72.2197  369.463 1.33989 0.125 1.01746 0
136.146  40.4549  116.685  47.0466 2.87203 0.125 0.738163 0
233.87  192.622  231.589  199.529 2.84014 0.125 3.7488 0
161.932  181.768  156.971  171.277 1.76091 0.125 1.01746 0
200.585  169.208  198.283  176.431 3.56757 0.25 2.32677 0
122.91  136.068  110.255  153.32 4.73188 0.25 7.33961 0
118.646  134.652  152.868  101.841 3.25174 0.25 23.4124 0
225.303  53.6204  232.827  65.9121 2.99265 0.25 1.61263 0
280.086  72.0885  287.571  82.7475 2.14258 0.25 2.32677 0
290.993  132.521  274.885  140.297 1.89465 0.125 1.42961 0
363.308  334.147  331.667  373.634 4.53225 0.25 47.4807 0
159.73  35.3541  146.438  37.0028 4.08508 0.25 9.39561 0
340.558  247.497  340.912  255.57 5.17046 0.125 3.32927 0
63.3685  341.31  73.8679  334.031 2.53921 0.125 1.95113 0
181.693  301.48  182.628  310.589 2.50004 0.125 0.326886 0
215.209  56.6638  191.942  64.768 3.97905 0.25 13.3821 0
225.852  271.902  218.086  273.85 4.85303 0.125 3.51255 0
335.696  261.515  334.656  275.512 1.51597 0.125 0.207105 0
14.4212  349.509  16.4914  367.501 2.75172 0.25 8.00457 0
157.49  102.489  122.681  135.689 4.00742 0.25 37.3823 0
265.283  193.379  263.017  178.729 3.03577 0.25 1.08514 0
280.471  102.448  244.799  122.044 3.72788 0.25 14.9867 0
321.445  373.383  313.741  377.011 2.61872 0.125 0.326886 0
373.887  50.0477  364.757  62.4268 4.19505 0.25 5.75294 0
201.889  177.062  207.036  169.884 4.41608 0.25 4.71615 0
93.0478  133.548  93.9375  123.45 2.86637 0.25 4.73501 0
302.42  217.48  299.462  229.239 3.87915 0.25 0.347572 0
247.785  245.623  253.806  231.631 1.58109 0.0625 8.13161 0
338.059  241.453  336.001  260.554 1.66701 0.125 5.56428 0
102.74  78.1298  108.422  66.4619 3.64309 0.25 1.86537 0
140.889  290.449  139.953  301.622 2.90604 0.25 7.14325 0
351.358  357.76  356.814  349.713 4.93784 0.25 0.31539 0
148.136  155.71  155.776  168.919 5.23618 0.25 3.83162 0
348.084  347.875  357.994  332.461 3.78564 0.25 5.6386 0
360.807  363.767  355.614  369.728 3.01593 0.125 0.494028 0
86.1434  122.51  85.6412  104.496 3.1103 0.25 1.74722 0
318.274  172.054  313.807  184.339 5.04069 0.25 7.87582 0
214.434  262.238  205.406  262.711 4.25619 0.125 0.689464 0
149.182  142.236  159.984  129.24 4.11493 0.25 2.29747 0
145.734  89.8386  157.602  81.648 4.37022 0.25 4.20533 0
148.508  349.507  141.811  357.954 1.86384 0.125 0.157516 0
267.021  197.491  266.492  225.519 2.98062 0.25 30.8151 0
293.359  339.513  304.56  341.067 2.2559 0.0625 3.86078 0
46.0346  341.51  46.2802  328.458 3.24408 0.0625 6.47723 0
376.42  233.5  376.139  279.504 1.26226 0.25 14.368 0
288.426  285.758  313.902  293.106 2.77142 0.25 18.0139 0
18.1195  52.5179  20.5647  104.497 1.66886 0.25 12.6845 0
330.461  277.681  333.691  260.536 3.56054 0.25 5.30614 0
149.388  99.3367  167.926  86.6602 2.06278 0.25 3.73965 0
91.059  152.26  85.3645  138.987 3.54553 0.125 6.03132 0
131.521  155.529  118.732  164.819 2.51493 0.25 2.47615 0
139.696  301.58  140.298  307.62 4.27781 0.125 3.59353 0
203.883  170.065  211.523  159.22 4.90499 0.25 5.20194 0
262.193  220.459  262.75  202.508 2.52593 0.25 4.65977 0
369.303  343.399  359.478  362.516 4.92895 0.25 12.8442 0
230.424  120.374  249.353  108.909 3.24061 0.25 7.66673 0
32.2661  346.507  33.2274  376.509 2.61415 0.25 22.3156 0
44.1441  363.488  43.8884  349.493 1.16421 0.0625 1.69572 0
161.95  322.724  153.6  339.55 1.37387 0.125 1.9858 0
192.982  173.442  192.242  167.29 3.97137 0.25 1.72471 0
245.969  98.9842  253.285  105.637 3.02645 0.25 2.76188 0
267.075  174.44  268.449  187.505 1.88446 0.125 1.9858 0
214.805  246.381  211.829  238.762 4.49719 0.25 1.38544 0
279.156  53.7114  287.141  66.7205 2.88592 0.25 6.06862 0
287.536  69.4706  296.591  80.4245 2.91877 0.25 4.94565 0
376.901  308.722  363.242  333.357 3.9919 0.25 8.84465 0
361.069  327.274  371.059  308.268 4.70978 0.25 19.2073 0
357.641  333.948  361.539  327.882 3.66596 0.25 0.412954 0
235.16  265.021  226.345  271.282 2.57539 0.0625 7.14643 0
17.211  238.5  17.1185  183.501 4.08238 0.25 32.0053 0
18.4686  144.238  20.942  153.38 2.63474 0.125 0.494028 0
41.9092  80.3785  40.8819  68.4671 2.59411 0.25 2.76188 0
62.1699  322.319  70.3285  307.406 3.75696 0.25 0.406121 0
244.829  125.347  256.267  120.901 3.36594 0.125 3.32927 0
266.331  227.936  262.61  235.033 4.82131 0.25 1.38544 0
355.368  57.4041  338.534  80.5248 3.38266 0.25 8.13188 0
42.6393  29.4974  42.2583  9.46656 1.36097 0.125 2.86578 0
55.3558  46.4009  53.9661  62.4538 2.90257 0.25 2.54895 0
209.584  218.546  215.143  208.306 5.64985 0.25 1.80026 0
257.633  256.268  254.187  269.149 2.77969 0.125 0.788093 0
26.9261  47.4988  26.8424  88.5007 3.06124 0.25 48.7875 0
29.781  189.496  30.0315  209.506 1.25031 0.25 6.54119 0
41.5572  67.5155  41.792  51.519 2.1759 0.0625 2.73772 0
229.759  161.442  222.514  166.519 2.75238 0.25 1.72471 0
235.812  156.868  230.352  161.503 2.34376 0.125 0.222964 0
300.462  186.491  302.984  175.383 2.61455 0.125 0.388943 0
310.976  300.654  302.431  295.846 5.8287 0.25 9.15362 0
367.95  359.626  369.584  353.804 3.08086 0.125 1.10275 0
156.148  308.391  153.616  316.536 3.45848 0.125 1.71433 0
165.583  39.3883  172.49  44.5128 2.79787 0.125 1.15478 0
198.987  37.2026  215.614  49.3432 2.34576 0.25 7.19521 0
365.51  307.508  354.607  321.819 5.87086 0.25 5.00965 0
144.257  306.508  143.748  291.492 1.37226 0.25 2.32677 0
30.9751  276.497  31.0759  293.508 1.99404 0.25 7.74531 0
186.449  217.549  196.73  228.28 4.39333 0.25 5.24716 0
151.909  249.486  152.276  260.573 3.53029 0.125 0.969852 0
246.101  17.5187  246.943  35.526 1.62411 0.125 2.94838 0
343.465  340.867  348.091  334.216 4.81801 0.125 1.53241 0
42.0291  152.45  41.2716  144.427 2.36715 0.03125 5.90985 0
210.665  276.15  201.557  275.037 3.09178 0.25 0.530346 0
250.718  40.0934  252.921  46.6932 4.24416 0.25 0.530346 0
153.974  46.4325  168.871  54.8427 1.96648 0.25 3.93913 0
41.3782  199.5  41.5531  153.5 1.0114 0.25 14.368 0
121.384  98.35  130.405  91.3776 2.8055 0.0625 4.56971 0
172.831  55.4009  172.347  63.5503 5.93018 0.25 0.31539 0
305.021  308.985  293.947  298.047 2.85452 0.125 0.262713 0
301.637  159.537  304.517  148.772 3.27986 0.125 2.4709 0
321.88  305.387  310.806  301.604 3.83192 0.125 3.93659 0
11.9356  241.479  11.0145  222.475 2.57859 0.25 1.86537 0
33.0715  245.374  29.6935  256.851 2.59559 0.25 0.195982 0
214.647  341.364  224.245  351.736 2.44247 0.125 1.95113 0
54.2893  18.4888  53.8082  27.5164 1.31788 0.0625 2.95505 0
231.281  319.577  234.418  328.529 2.59741 0.125 1.15478 0
330.713  359.99  351.998  307.297 6.45389 0.25 85.9178 0
211.065  168.63  293.475  127.449 6.71126 0.125 48.8932 0
50.9378  234.504  49.2438  1.49459 3.47247 0.25 282.242 0
9.75667  306.345  14.839  347.581 3.61691 0.125 55.3638 0
376.449  71.4536  328.945  124.096 9.95896 0.125 77.6552 0
212.487  51.5211  194.207  40.3434 4.73843 0.25 36.4093 0
276.258  284.516  274.069  250.528 3.79686 0.25 22.9959 0
227.688  174.234  235.026  234.679 5.38223 0.25 52.6075 0
31.1624  265.496  30.2959  333.51 4.45828 0.0625 139.369 0
30.7408  137.606  27.6952  173.346 6.48776 0.125 75.6796 0
104.737  165.795  132.145  136.096 3.89909 0.25 24.4061 0
123.309  273.598  153.129  234.219 4.01692 0.25 68.3984 0
239.583  2.45446  291.59  97.6255 24.6619 0.0625 20.1642 0
340.708  232.461  339.679  279.504 2.93371 0.25 51.7476 0
284.288  367.827  277.028  340.897 2.41848 0.25 21.2196 0
55.7255  118.474  54.716  148.507 4.03134 0.03125 13.42 0
368.156  373.391  375.727  349.572 6.58269 0.25 25.8172 0
267.215  59.4603  282.486  334.501 2.05236 0.25 23.8842 0
85.1447  228.634  75.5887  274.726 4.65702 0.25 3.74178 0
262.381  115.547  269.144  277.473 11.1573 0.125 13.2938 0
345.462  233.489  330.555  283.117 4.67948 0.25 27.403 0
20.2093  192.506  24.1214  376.529 6.04115 0.25 141.768 0
364.938  296.077  350.756  314.941 4.38748 0.125 7.32696 0
232.572  259.203  241.621  232.541 7.57556 0.25 6.70283 0
328.887  294.531  329.787  254.529 7.84046 0.25 2.84158 0
141.438  174.592  186.274  291.49 36.4904 0.25 15.7273 0
29.4032  231.615  15.3778  341.357 9.27868 0.125 164.705 0
43.5302  348.5  41.7778  200.497 1.4972 0.25 71.548 0
95.984  200.903  162.459  143.452 3.43719 0.125 12.5199 0
2.24657  282.504  3.83311  1.50753 153.669 0.0078125 1056.02 0
383.644  16.2576  262.321  246.932 16.7119 0.125 81.5694 0
167.197  358.932  154.587  365.663 4.17843 0.25 11.4335 0
224.001  290.467  225.125  307.655 8.43952 0.25 8.1441 0
105.972  314.583  115.769  376.773 4.31666 0.25 0.50143 0
145.89  132.798  180.626  102.646 2.63412 0.125 2.56708 0
363.69  68.6234  286.614  187.631 7.51474 0.25 35.0265 0
171.563  105.06  162.052  319.702 23.224 0.125 61.3225 0
83.3398  123.238  91.6188  147.459 6.74403 0.125 7.45476 0
172.164  295.961  185.144  333.588 8.93309 0.25 12.1298 0
330.848  126.225  275.173  258.521 10.9221 0.25 122.223 0
336.267  128.409  301.673  216.785 5.39303 0.25 64.3422 0
329.91  117.667  300.752  189.195 2.56534 0.25 46.0481 0
262.025  246.336  256.84  356.422 5.9441 0.25 14.1809 0
17.5661  50.4598  23.7069  366.418 27.0037 0.0625 1425.24 0
239.059  282.61  262.962  161.182 11.3723 0.25 82.6312 0
284.121  315.589  278.179  156.475 9.57868 0.25 65.4898 0
227.026  307.856  248.765  359.388 5.58558 0.25 2.98981 0
54.839  184.496  54.6892  277.502 4.14005 0.25 50.4121 0
85.8995  230.453  84.6103  328.475 7.38121 0.0625 7.49904 0
49.5  0.91289  372.5  0.914673 3.00029 0.25 362.179 0
251.919  11.4227  254.673  97.5584 4.78263 0.25 104.636 0
166.5  155.477  168.672  340.463 18.7502 0.125 112.114 0
238.014  115.097  93.0518  265.067 22.9162 0.25 50.5243 0
