217
571.401  2887.31  808.558  2857.04 59.4082 0.25 0.281993 0
3971.88  89.457  3220.11  126.315 15.2786 0.25 2.40866 0
1171.97  523.216  923.989  531.677 8.9055 0.25 2.19421 0
3579.96  419.09  2140.26  481.91 17.2027 0.25 41.8385 0
3268.03  108.852  3588.17  96.3747 11.9376 0.25 1.57312 0
4564.08  12.3632  4249.89  381.313 22.6509 0.25 33.961 1
3778.08  411.906  1301.81  521.729 10.3131 0.25 6.27522 1
1090.39  511.056  4217.96  376.973 15.3602 0.25 21.5731 1
4384.96  68.0106  4126.9  78.5105 5.39152 0.25 61.7671 2
4462.65  80.7118  4221.32  377.632 8.44038 0.25 32.0951 2
3685  3118.99  3469.08  3132.35 4.59096 0.25 2.31952 2
3625.08  3126.21  3551.27  3131.08 6.62652 0.25 5.55972 2
3995.14  224.34  4073.35  99.2217 6.57498 0.25 0.277076 2
991.158  536.613  914.715  544.092 4.74101 0.25 8.22884 2
895.12  1572.99  890.805  1503.01 3.99242 0.25 0.516078 2
1526.57  1434.9  1523.01  1523 2.6726 0.25 3.71575 2
2853.03  156.043  2793.01  157.575 2.43719 0.25 0.130201 2
3138.99  448.903  3078.85  452.29 2.76877 0.25 2.80757 2
1089.06  519.416  929.01  523.411 6.14499 0.25 28.6193 2
3205.06  94.4923  2417.09  127.158 6.87814 0.25 10.124 2
603.546  3324.41  597.698  2910.24 33.799 0.25 691.784 3
1517.46  2428  3878.81  2365.25 29.1146 0.25 6333.84 3
3862.63  929.914  1509.4  1016.73 19.1025 0.25 1704.6 3
3990.85  2383.66  1476.24  2450.66 26.121 0.25 7753.7 3
822.207  3206.13  602.196  3326.11 14.2119 0.25 1500.52 3
598.484  2943.99  1726.66  2908.46 16.4577 0.25 936.636 3
1503.58  2430.5  1503.7  992.5 13.1205 0.25 4529.22 3
222.785  24.5901  150.656  3454.59 18.8388 0.25 5444.35 3
2366.91  23.1695  2467.54  453.555 13.5661 0.25 1749.15 3
1879.33  2776.53  1883.99  3153.57 18.8131 0.25 996.555 3
616.217  2949.5  611.844  3286.52 3.67137 0.25 556.718 3
814.225  2807.67  1790.57  2773.4 28.2697 0.25 1646.31 3
1722.89  2912.49  1726.5  3153.51 2.92023 0.25 308.642 3
1741.9  2875.36  1750.97  3157.52 13.8357 0.25 511.646 3
582.58  231.745  358.874  40.4012 13.0673 0.25 691.721 3
3277.75  23.1287  3255.53  127.719 6.81861 0.25 317.538 3
904.988  545.11  272.136  14.7744 27.7825 0.25 192.376 3
921.885  524.378  358.969  40.2802 9.52292 0.25 1449.02 3
2452.35  458.933  2352.28  21.4906 19.1968 0.25 1473.57 3
368.266  3457.72  593.781  3334.01 13.2963 0.25 406.999 3
3971.5  2979.64  5102.41  2946.36 12.9213 0.25 834.447 3
306.04  22.858  904.546  526.445 13.5839 0.25 582.881 3
4252.11  379.181  4534.58  36.57 3.5255 0.25 153.122 3
3980.56  2303.56  3899.55  933.497 7.21203 0.25 967.919 3
4108.53  93.1277  4384.44  82.0188 6.15515 0.25 41.45 3
634.437  3282.48  638.785  3050.56 4.48621 0.25 99.8133 3
3975.02  3027.88  3967.96  2981.58 8.29369 0.25 107.863 3
2421.87  116.203  2401.7  23.457 8.11134 0.25 184.286 3
455.677  19.9901  1002.76  515.213 16.2852 0.25 1292.36 3
17.5  2448.5  17.5  2770.5 1 0.25 176.465 3
17.5  2054.5  17.5  2447.5 1 0.25 219.212 3
17.5  1924.5  17.5  2052.5 1 0.25 59.6657 3
1544.61  992.077  1542.13  1009.03 8.37313 0.25 39.4005 3
191.5  18.4649  73.4999  19.4838 1.50072 0.25 88.5646 3
712.004  2861.8  806.558  2831.68 16.1047 0.25 406.738 3
1728.02  3138.53  1726.59  3165.56 7.25452 0.25 29.8995 3
1010.7  499.627  1056.93  519.797 10.6666 0.25 23.4327 3
1744.7  2871.76  1787.27  2839.86 7.80981 0.25 7.33814 3
5076.58  2948.47  5116.9  2957.79 13.3469 0.25 60.4648 3
5114.95  2960.11  5149.07  2971.75 6.0449 0.25 44.1586 3
3281.38  23.2591  3260.81  118.782 6.75381 0.25 302.086 3
1528.31  1290.48  1529.12  1374.49 6.35845 0.25 51.39 3
2947.45  127.65  3078.54  120.204 3.67681 0.25 27.872 3
376.897  41.034  441.825  96.2933 4.24479 0.25 5.65739 3
19.1714  20.5  18.821  3454.5 2.25109 0.25 4109.83 3
3932.52  395.283  4161.62  23.3447 13.8847 0.25 227.024 3
2510.5  17.5  1206.5  17.5 1 0.25 395.578 3
21.4296  19.5  21.3787  3454.5 8.97826 0.25 7311.87 3
5182.5  21.5568  376.5  21.3169 8.23073 0.25 7935.87 3
1510.75  1056.46  1512.15  995.561 10.5844 0.25 20.9055 3
1552.32  996.722  1541.96  1012.15 8.07557 0.25 15.9297 3
712.44  2910.25  816.526  2907.47 4.78509 0.25 148.298 3
1007.49  527.935  931.535  529.868 5.5072 0.25 61.4382 3
1884.17  3154.31  1885.01  3170.47 12.2929 0.25 5.62874 3
1024.51  234.753  992.488  235 5.16201 0.25 1.15265 3
1090.68  513.742  1101.52  517.715 8.63699 0.25 8.17375 3
3301.49  126.319  3347.54  123.139 4.47006 0.25 9.12048 3
3243.31  137.538  3268.06  22.9733 10.172 0.25 212.636 3
1065.49  525.278  1033.52  526.82 3.33372 0.25 9.13536 3
1122.53  230.487  1090.53  231.447 4.13707 0.25 1.83381 3
3151.36  436.039  3665.6  407.206 8.67771 0.25 203.355 3
4227.54  386.288  3934.42  399.813 11.0488 0.25 119.286 3
397.916  3428.45  434.257  3410.99 3.9309 0.25 0.975707 3
1912.77  3407.49  1891.66  3434.41 4.82873 0.25 5.70558 3
2918.43  156.974  2799.57  162.041 5.71954 0.25 15.5034 3
3286.85  24.3591  3270.85  98.3597 5.39019 0.25 72.1394 3
3308.63  138.029  3267.41  141.482 3.39023 0.25 5.58538 3
3436.36  119.162  3485.35  116.132 4.59967 0.25 5.18282 3
3492.51  113.475  3535.52  114.056 5.06714 0.25 10.2484 3
4022.47  194.131  4082.99  100.819 6.23246 0.25 25.918 3
4073.44  90.2629  4101.59  70.4795 5.7177 0.25 4.65644 3
4402.45  73.2839  4132.51  83.7835 4.91728 0.25 69.5548 3
4467.22  89.8693  4422.3  145.937 8.7318 0.25 28.985 3
4469.56  117.394  4527.54  48.5356 3.26147 0.25 36.811 3
1070.5  232.884  1029.5  232.762 4.08013 0.25 3.82726 3
1101.38  514.961  1247.62  510.961 15.4319 0.25 86.6669 3
1358.42  529.392  1272.47  532.591 7.7244 0.25 42.8133 3
2698.45  451.965  2765.77  445.209 6.46921 0.25 13.2752 3
3228.77  113.537  3233.15  81.727 3.15348 0.25 4.00112 3
3270.76  106.104  3256.03  136.792 10.4927 0.25 31.9501 3
3948.76  314.026  3977.84  271.053 3.80726 0.25 8.60253 3
777.438  243.116  751.777  247.228 2.15862 0.25 1.3824 3
1247.5  507.563  1296.5  507.639 7.03559 0.25 5.33193 3
1749.18  3158.41  1749.52  3168.53 7.19904 0.25 2.92006 3
2865.65  117.58  2815.48  121.191 2.62321 0.25 11.1659 3
3083.28  440.335  3151.62  436.706 10.1799 0.25 4.71767 3
3978.55  3023.64  3972.42  2981.37 3.3696 0.25 36.6337 3
4009.28  92.8617  4072.75  87.4645 9.07261 0.25 3.12808 3
3612.57  3133.45  3554.5  3137.56 2.90146 0.25 2.02967 3
4408.1  194.776  4456.72  133.674 7.89345 0.25 31.2238 3
928.826  533.331  923.659  522.917 7.61073 0.25 2.44099 3
1893.02  3434.88  1878.32  3455.09 2.64494 0.25 17.9017 3
3993.37  3034.48  3973.59  3025.97 11.0351 0.25 4.73708 3
4261.04  373.761  4312.61  310.774 5.0681 0.25 20.6491 3
2982.54  459.36  2658.43  472.834 10.0284 0.25 88.2373 3
3665.37  404.464  3719.59  400.971 7.62837 0.25 7.49979 3
1186.5  3199.5  1128.49  3202.18 2.9507 0.25 9.19317 3
1264.52  523.849  1318.54  521.361 3.05406 0.25 9.02113 3
2264.62  471.501  2351.6  466.174 6.41783 0.25 29.4604 3
2642.44  473.061  2520.41  478.43 7.02522 0.25 22.0313 3
2850.58  440.08  2871.59  444.007 3.35041 0.25 3.46249 3
3093.5  457.569  3042.5  456.573 9.58361 0.25 0.964759 3
3392.36  120.709  3440.53  116.905 4.59131 0.25 14.8881 3
3782.54  113.67  3656.46  118.465 4.46883 0.25 2.1836 3
3793.54  396.87  3845.51  390.617 2.70311 0.25 4.16471 3
3877.51  109.655  3824.48  112.166 2.41809 0.25 16.4113 3
900.614  1577.44  896.388  1504.62 5.35684 0.25 22.8784 3
997.49  3206.29  956.531  3208.18 2.99681 0.25 10.5998 3
1137.39  502.568  1190.5  505.514 2.93878 0.25 3.22681 3
1272.5  3196.6  1216.5  3198.53 2.10228 0.25 21.5515 3
2417.64  24.2599  2437.68  119.673 7.21287 0.25 11.3089 3
2520.33  459.66  2636.57  452.76 7.47977 0.25 8.69242 3
2638.49  124.327  2472.46  131.648 4.77338 0.25 55.2276 3
2575.41  3152.06  2602.49  3150.3 1.88786 0.25 1.14654 3
2792.5  121.908  2752.5  122.067 3.98805 0.25 8.7709 3
2916.48  117.074  2884.56  118.714 1.11175 0.25 2.939 3
2980.53  111.655  2943.51  111.02 3.43061 0.25 2.63918 3
3199.5  135.608  3224.54  136.528 2.18076 0.25 0.229756 3
3527.51  432.662  3452.4  436.59 2.26191 0.25 6.30343 3
1753.1  2873.3  1797.8  2839.57 1.74463 0.25 6.71174 3
1894.89  3424.75  1908.08  3404.23 1.92426 0.25 6.16941 3
2652.95  454.161  2674.7  448.245 2.8419 0.25 9.08707 3
2688.55  3150.11  2727.63  3147.23 2.0031 0.25 1.8958 3
2670.63  454.121  2699.43  448.171 3.03555 0.25 0.675097 3
3264.56  450.345  3221.45  451.26 4.43475 0.25 9.89435 3
3918.29  361.358  3933.88  338.765 2.04365 0.25 1.3824 3
4280.51  318.319  4242.07  365.769 5.8647 0.25 16.0164 3
894.481  2310.51  895.007  2271.49 3.20173 0.25 2.47653 3
896.881  1767.5  897.002  1727.51 3.10593 0.25 0.131633 3
952.524  3208.39  888.49  3210.13 3.64522 0.25 27.2456 3
1248.45  515.477  1285.56  513.728 6.5687 0.25 6.4922 3
1508.98  1517.51  1510.72  1447.48 4.94025 0.25 34.3369 3
1509.84  1663.51  1509.18  1519.5 3.34036 0.25 159.503 3
1611.49  516.381  1525.6  521.996 2.66566 0.25 13.0821 3
2006.54  499.284  1920.51  503.63 3.27924 0.25 3.34497 3
2212.21  1508.38  2221.68  1486.15 2.45147 0.25 0.66181 3
2472.44  148.046  2509.54  148.862 5.26217 0.25 0.543953 3
2932.92  61.3903  2925.37  101.476 2.73626 0.25 10.0809 3
2946.5  154.451  2926.49  155.219 3.18816 0.25 0.498504 3
3122.36  118.813  3154.63  112.102 2.00897 0.25 3.1547 3
3201.44  454.064  3148.52  453.236 5.68666 0.25 8.71811 3
3352.48  123.364  3373.33  119.582 2.32785 0.25 2.13045 3
3678.68  3306.58  3656.46  3310.23 2.75067 0.25 1.17652 3
3757.51  408.575  3833.64  400.88 7.15496 0.25 25.8212 3
3822.52  110.815  3784.43  113.427 3.34673 0.25 2.56536 3
4269.48  89.4021  4298.45  90.0206 6.29751 0.25 1.85563 3
4432.6  3352.06  4392.33  3343.26 2.23479 0.25 6.23687 3
187.618  2405.55  208.579  2403.21 2.2608 0.25 3.55552 3
229.504  2421.28  252.497  2421.69 3.73088 0.25 1.40994 3
831.144  326.006  853.665  341.844 3.50966 0.25 1.73112 3
898.314  1803.47  897.222  1768.51 4.09121 0.25 0.0664042 3
1271.73  531.32  1227.44  537.015 3.76266 0.25 3.86242 3
1509.61  1454.5  1509.51  1272.5 3.08426 0.25 75.3316 3
1529.9  1024.52  1529.04  1076.51 3.59637 0.25 9.41628 3
1540.83  1614.39  1532.94  1663.41 2.98055 0.25 3.81479 3
1884.63  3441.55  1890.75  3424.96 2.35817 0.25 3.25717 3
2079.52  498.052  2022.52  497.199 3.52046 0.25 2.56517 3
2270.54  1805.52  2263.85  1821.22 2.12372 0.25 0.357437 3
2509.52  146.988  2564.52  146.375 1.88996 0.25 5.77542 3
2940.65  101.501  2940.87  57.4968 3.18844 0.25 13.0095 3
3067.5  108.93  2980.49  109.568 5.61072 0.25 13.9723 3
3479.49  1172.64  3502.45  1173.59 2.32948 0.25 2.22727 3
3945.42  1374.53  3944.08  1412.59 4.27067 0.25 1.2019 3
4005.39  102.485  3979.48  105.349 2.64608 0.25 0.964671 3
189.623  2364.33  216.478  2360.35 4.3598 0.25 6.54534 3
215.162  2297.47  251.301  2303.66 4.59079 0.25 0.287025 3
1045.37  3203.27  1026.48  3205.31 2.0842 0.25 0.93623 3
1531.21  1611.48  1529.85  1637.47 2.30722 0.25 1.79105 3
2685.51  123.789  2640.48  124.257 5.11411 0.25 14.9657 3
2711.91  84.5257  2713.79  54.4556 2.80448 0.25 3.82111 3
4120.54  95.1574  4153.71  93.2784 4.26262 0.25 7.72593 3
5181.5  19.5387  376.5  18.9545 2.84305 0.25 6892.2 3
712.453  2906.04  1742.55  2873.12 17.3615 0.25 3596.22 3
1725.89  2911.48  1730  3168.48 9.12903 0.25 557.308 3
191.501  21.049  21.4992  20.9509 6.02713 0.25 487.391 3
1497.41  994.192  3910.84  903.538 27.5819 0.25 341.654 3
751.896  2842.98  845.282  2820.59 14.973 0.25 272.198 3
3244.58  117.926  3263.9  23.3773 6.95305 0.25 101.249 3
726.667  231.957  3267.35  136.546 12.7548 0.25 66.1509 3
1058.61  516.58  1751.6  497.127 8.89538 0.25 341.476 3
1517.08  1228.5  1519.8  2414.49 8.14584 0.25 3235.41 3
4080.59  98.3159  3824.46  111.656 5.2715 0.25 156.198 3
1749.82  2938.49  1752.3  3005.47 5.87884 0.25 36.7425 3
870.136  3194.59  670.041  3293.53 25.2551 0.25 577.531 3
4333.51  251.297  4227.69  384.86 7.14385 0.25 46.0139 3
1920.55  488.497  2906.4  438.562 7.37273 0.25 193.518 3
3654.43  416.659  3908.75  395.492 8.48723 0.25 60.0122 3
1746.21  2869.31  1749.61  2936.49 10.9354 0.25 14.0181 3
4312.75  310.706  4547.31  24.1664 8.01535 0.25 148.176 3
3977.11  269.88  4131.07  21.3777 8.78537 0.25 9.9099 3
1527.16  1024.5  1527.54  1422.5 5.59562 0.25 114.519 3
4152.46  93.018  4457.6  83.8522 8.19031 0.25 51.627 3
3473.64  133.926  729.627  243.674 6.55438 0.25 362.763 3
4494.64  108.144  4271.02  379.924 11.6436 0.25 81.5645 3
2762.51  458.607  3777.58  398.905 9.86052 0.25 293.193 3
3325.55  446.699  922.46  546.54 8.38539 0.25 76.2506 3
1880.7  3169.23  810.49  3207.21 14.9705 0.25 5578.62 3
