470
1013.45  477.023  1013.25  462.996 2.20804 0.0078125 0.871978 0
512.873  1641.54  503.817  1667.17 11.5411 0.25 8.08022 0
1047.81  1077.36  1023.26  1085.77 6.92003 0.25 0.616033 0
1671.25  741.332  1630.85  745.583 9.83984 0.25 22.6874 0
841.888  503.341  792.211  632.697 3.50649 0.25 28.2115 0
663.551  856.529  683.804  849.232 11.2897 0.25 5.51283 0
745.091  1240.93  713.568  1202.16 5.33732 0.25 13.4767 0
951.472  1072.56  934.121  1053.81 9.02594 0.125 7.99655 0
1039.43  928.499  1066.38  951.716 5.43129 0.25 1.54432 0
1287.88  1518.39  1301.23  1529.19 9.69682 0.25 9.90288 0
1369  701  1445  701 2 0.25 7.49464 0
868.882  606.27  859.197  634.379 4.62399 0.25 4.48434 0
1194.04  1447.6  1206.29  1456.66 10.4189 0.25 6.60534 0
542.981  837.206  577.243  840.348 6.52291 0.25 3.93844 0
464.952  877.1  535.068  910.859 2.9368 0.25 7.89283 0
724.993  756.097  605  756.996 4.16465 0.25 16.0781 0
660.448  1241.51  648.088  1279.4 13.2692 0.25 26.3867 0
1181.37  752.384  1140.59  727.682 3.51818 0.25 5.40457 0
1279.41  870.763  1249.19  818.888 3.87461 0.25 3.93844 0
1500.85  739.445  1454.89  743.801 8.71908 0.25 15.5989 0
1489.6  1623.53  1472.66  1578.38 3.74805 0.25 4.57463 0
702.561  1356.7  708.485  1348.01 7.7362 0.0625 0.195996 0
732.068  1147.62  760.119  1189.59 3.34298 0.0625 15.2472 0
921.192  914.441  934.822  931.549 13.7345 0.25 6.06588 0
985.171  857.483  976.629  845.259 9.99436 0.25 1.52318 0
1510.47  1675.21  1490.21  1624.52 4.07943 0.25 5.4602 0
429.185  972.736  466.919  999.116 3.11886 0.0625 4.13835 0
708.864  1347.87  720.564  1325.71 6.23964 0.25 2.09079 0
776.917  1366.93  761.924  1383.82 2.48672 0.0625 2.0761 0
760.788  1191.21  807.52  1238.46 3.14243 0.25 5.13836 0
993.596  875.162  991.694  858.689 13.2191 0.25 0.720456 0
1233.03  798.972  1182.97  753.028 3.69456 0.25 2.14848 0
1279.41  772.085  1312.2  820.185 6.15864 0.25 13.8311 0
1398.72  831.834  1426.52  825.048 5.35487 0.125 1.70907 0
692.363  1375.48  702.627  1357.64 6.97922 0.25 0.956499 0
901.898  492.608  893.824  515.293 5.23752 0.25 1.88228 0
929.433  850.997  919.348  863.286 9.27605 0.25 3.08362 0
969.027  836.6  936.969  836.836 8.19177 0.25 4.71245 0
1157.25  1426.56  1172.11  1435.05 6.20174 0.0625 3.98986 0
1172.8  1437.01  1194.95  1457.06 5.08532 0.0625 5.17273 0
959.319  625.047  964.602  588.942 4.48887 0.25 7.19701 0
1015.01  1277.05  1053.19  1272.62 3.36978 0.0625 7.77868 0
1358.59  951.019  1360.38  989.029 3.80735 0.25 6.29052 0
1535.08  739.702  1500.96  738.924 8.68217 0.25 3.56537 0
840.821  692.586  878.653  676.199 3.97467 0.0625 3.53513 0
654.544  999.059  655.461  975.018 6.60573 0.0625 12.6654 0
625.202  769.72  601.186  771.501 5.39183 0.03125 8.98586 0
431.057  749.221  402.958  748.322 4.06194 0.015625 1.50684 0
882.654  490.906  872.221  529.332 4.19247 0.125 6.4744 0
1383  697.627  1345  697.598 2.02549 0.0078125 6.99352 0
406.144  1890.12  372.805  1898.69 5.44924 0.25 59.1689 1
1998.73  707.212  1979.41  732.432 8.68007 0.125 62.7437 1
1376.24  1146.99  1664.88  1883.96 7.59538 0.25 1440.72 1
355.489  1888.5  361.344  1836.04 7.71567 0.25 62.7514 1
1714.53  668.964  1792.5  667.435 5.01864 0.25 191.712 1
23.5915  742.423  -1.77248  712.251 9.02998 0.25 39.5912 1
928.185  986.486  929.047  1028.59 9.46916 0.25 55.1603 1
1629.02  1901.7  1009.31  1422.75 8.33255 0.25 1256.71 1
1012.48  929.347  974.338  934.238 8.39248 0.25 59.6392 1
1053.83  946.437  1012.86  928.681 8.99268 0.25 60.966 1
1012.24  16.9019  1225.33  685.234 7.28764 0.25 1654.97 1
1009.04  1420.91  404.631  1889.96 7.30246 0.25 1619.03 1
974.436  1078.01  1012.59  1082.81 7.55797 0.25 71.373 1
1012.2  1082.64  1045.11  1071.25 7.16068 0.25 71.3055 1
1978.39  730.34  1375.02  1147.81 6.85727 0.25 2004.23 1
1982.42  661.487  2000.85  679.036 8.27831 0.25 22.0403 1
611.096  1151.08  24.5213  740.47 6.47246 0.25 2125.01 1
973.275  14.2293  989.709  0.549837 7.17496 0.125 47.7385 1
-1.36243  693.123  20.1203  676.292 7.83145 0.25 30.9067 1
955.456  943.808  927.872  985.433 10.2045 0.25 44.087 1
1070.13  1045.39  1080.99  1009.65 7.86808 0.25 63.2472 1
1080.59  992.956  1060.17  952.162 8.93859 0.25 65.3964 1
1043.6  1072.62  1071.27  1044.2 8.07201 0.25 62.0188 1
928.809  1028.97  954.897  1067.58 9.02611 0.25 59.9079 1
975.46  935.211  955.796  946.245 6.74436 0.25 51.0843 1
1226.53  682.857  1378.54  679.345 4.54679 0.25 403.84 1
912.448  934.353  915.627  954.791 5.95042 0.0625 96.6533 1
1168.02  983.801  1080.36  947.831 7.79866 0.25 121.876 1
1044.07  860.925  994.611  907.617 7.54662 0.25 87.9196 1
0.678567  1.5  0.678414  687.5 1.00015 0.25 396.013 1
883.065  848.428  892.066  793.933 8.02935 0.25 57.5941 1
1125.25  1142.46  1115.97  1196.58 6.33457 0.25 88.2564 1
1116.18  1196.09  1100.28  1247.36 6.95159 0.25 75.4201 1
850.159  1030.42  928.535  1059.41 8.18725 0.25 83.8665 1
0.678949  721.5  0.678944  1897.5 1 0.25 691.625 1
929.156  1054.67  922.389  1040.55 6.81815 0.0625 84.6364 1
888.536  936.734  882.687  862.564 7.2645 0.25 121.416 1
913.397  741.294  850.226  772.959 7.57985 0.25 112.704 1
907.52  820.357  904.185  866.549 6.64316 0.25 84.482 1
1173.95  1220.92  1236.28  1153.05 8.80688 0.25 102.217 1
849.563  772.354  784.301  833.287 9.20409 0.25 99.9074 1
1234.95  1152.23  1260.89  1101.19 6.58963 0.25 114.664 1
978.655  728.541  952.345  732.461 5.19766 0.0625 137.303 1
1034.51  728.483  978.496  728.133 5.3314 0.25 100.83 1
1111.48  1053.02  1099.52  1075.44 9.11421 0.125 62.3586 1
1119.11  1077.27  1124.99  1142.55 6.22576 0.25 101.818 1
1009.14  864.54  1078.03  816.815 7.79662 0.25 89.8496 1
1143.46  818.376  1091.87  835.62 6.03675 0.25 82.5412 1
1182.88  965.98  1236.57  1005.71 7.39457 0.25 65.961 1
1094.8  742.157  1031.31  727.909 6.87317 0.25 95.5518 1
1188.38  997.703  1165.85  984.624 5.38237 0.25 63.5358 1
1202.44  811.021  1142.39  818.605 7.83226 0.25 39.8003 1
1363.58  1123.07  1969.1  706.378 5.29711 0.25 1071.72 1
1092.3  835.141  1044.64  861.975 6.53112 0.25 77.0062 1
1219.91  688.369  1010.06  30.9591 4.56889 0.25 1538.63 1
1016.56  1091.66  992.475  1092.08 8.89405 0.25 20.5092 1
389.367  1870.33  998.722  1399.49 4.49788 0.25 1386.93 1
13.4157  703.046  625.558  1132.42 6.49763 0.25 700.77 1
778.337  654.408  762.402  704.188 9.59958 0.25 66.7676 1
1019.62  1402.05  1623.75  1869.17 4.43697 0.25 1337.43 1
1969.01  707.685  1980.2  676.755 5.70395 0.125 42.3137 1
783.122  724.38  990.173  70.3965 5.15676 0.25 1172.86 1
1280.45  1004.51  1267.79  920.157 7.26318 0.25 88.2782 1
716.771  1074.9  707.066  1008.56 6.34571 0.25 70.914 1
742.846  1140.76  716.629  1074.85 6.25137 0.25 77.8753 1
805.741  1001.74  851.191  1029.63 6.39442 0.25 84.1172 1
1782.24  742.703  1892.16  706.48 5.52723 0.25 184.328 1
1106.58  936.47  1116.89  957.307 4.5473 0.0625 84.6364 1
1235.61  1006.27  1273.83  1050.35 6.19738 0.25 63.2152 1
1266.47  921.109  1249.7  879.421 5.62233 0.25 86.4921 1
819.262  1267.93  892.588  1305.33 6.66595 0.25 76.1834 1
1251.65  879.974  1202.74  810.915 7.78626 0.25 87.4779 1
706.987  1008.46  713.068  938.289 6.37607 0.25 67.2952 1
895.729  940.641  908.593  919.791 5.50453 0.125 68.5128 1
1274.92  1050.45  1278.65  1004.35 5.1948 0.25 86.3223 1
958.496  1321.68  1044.5  1321.83 6.09477 0.25 72.7424 1
1313.54  909.605  1613.6  802.769 5.08254 0.25 587.781 1
713.408  938.518  731.432  881.796 5.92338 0.25 75.5622 1
1328.28  1110.2  1591.22  1788.61 4.74466 0.25 1316.13 1
1043.43  706.067  1115.06  725.432 6.93982 0.25 92.2857 1
410.924  1794.29  657.487  1118.13 4.88879 0.25 1223.88 1
401.95  1803.66  651.079  1119.35 2.99074 0.25 801.482 1
734.791  875.095  759.696  831.47 5.21718 0.25 77.168 1
680.382  946.484  679.855  1048.49 6.86557 0.25 74.5114 1
1006.5  443.5  1006.5  419.5 1 0.015625 28.1545 1
1328.12  1000.14  1315.73  910.193 6.76827 0.25 69.3772 1
891.777  1304.42  958.635  1320.95 5.92121 0.25 65.8019 1
1590.19  1791.74  1499.53  1672.23 7.17029 0.25 105.651 1
832.733  756.229  889.59  725.518 9.30584 0.25 143.279 1
1114.79  724.997  1182.4  763.934 9.0368 0.25 78.0647 1
1116.89  936.462  1182.89  966.653 6.53038 0.25 84.5061 1
743.262  1194.56  785.518  1240.48 5.71258 0.25 88.4661 1
888.665  726.081  958.704  706.218 7.92676 0.25 82.7599 1
688.084  921.209  682.231  949.651 4.46607 0.0625 103.814 1
1193.5  1507.5  1010.32  1366.73 3.06942 0.25 171.517 1
800.051  783.701  834.835  755.675 8.45881 0.25 66.5679 1
1044.41  1321.13  1110.47  1305.37 5.48398 0.25 82.348 1
984.79  1122.78  1012.25  1094.26 4.85572 0.25 43.3986 1
160.631  729.133  94.4837  705.546 4.63647 0.25 113.493 1
893.037  1172.36  915.53  1184.44 4.61621 0.0625 90.8996 1
899.606  1169.29  920.444  1179.61 2.26722 0.0625 40.1384 1
834.807  1181.16  894.258  1170.19 6.55081 0.25 39.547 1
1182.71  763.3  1247.03  831.151 9.95047 0.25 60.6587 1
1220.78  759.412  1185.84  731.807 5.20233 0.25 75.9899 1
681.772  1048.43  694.36  1100.77 5.10737 0.25 79.1622 1
1283.73  1161.6  1312.37  1096.32 5.81971 0.25 84.9763 1
1246.4  831.049  1283.95  906.278 8.5317 0.25 89.1677 1
1317.74  1078.78  1327.64  998.517 6.02711 0.25 77.937 1
906.18  1074.09  891.105  1049.13 5.65278 0.25 31.2486 1
1127.17  1298.89  1185.46  1267.27 5.58574 0.25 77.3802 1
701.772  892.46  396.503  812.487 5.34645 0.25 518.249 1
389.598  824.194  688.283  920.174 5.02501 0.25 634.738 1
795.82  1247.36  619.021  1508.18 7.09516 0.25 503.473 1
1185.07  1266.58  1377.05  1520.84 5.01813 0.25 603.377 1
1239.95  1220.84  1284.2  1161.02 6.06687 0.25 73.1609 1
1283.09  906.163  1297.53  974.493 8.15937 0.25 88.105 1
1058.63  679.965  1016.77  676.359 8.4855 0.25 63.143 1
993.306  70.5619  1198.85  714.389 4.75859 0.25 955.828 1
627.132  1519.22  818.44  1266.21 4.74775 0.25 645.537 1
1186.74  731.124  1116.19  694.187 6.9932 0.25 68.5711 1
1209.38  1248.43  1240.19  1219.17 4.78947 0.25 61.5407 1
1384.98  1509.85  1209.66  1248.39 5.00651 0.25 531.077 1
996.589  360.502  988.675  676.479 5.10388 0.25 537.252 1
994.769  188.509  995.193  80.5027 4.07069 0.25 230.809 1
1099.72  1087.47  1101.89  1176.44 7.1942 0.25 34.6593 1
1086.35  686.164  1057.67  679.743 4.20971 0.03125 90.3105 1
1116.43  695.718  1085.04  685.783 4.77992 0.25 58.5423 1
817.648  734.691  798.351  749.602 8.95598 0.25 55.1125 1
1298.99  865.605  1258.89  799.06 6.42235 0.25 78.6505 1
1113.37  826.725  1093.45  815.592 4.44261 0.125 63.8474 1
798.097  747.02  760.055  783.086 5.53241 0.25 62.789 1
802.154  751.146  764.703  787.708 3.8156 0.25 46.498 1
1258.46  799.683  1220.79  759.155 5.2973 0.25 95.169 1
1094.91  1092.47  1090.78  1040.56 6.77441 0.25 18.8971 1
1297  972.501  1297.03  1030.5 8.01978 0.25 150.233 1
861.018  1257.73  817.598  1228.86 5.30065 0.25 69.2584 1
906.272  819.124  889.849  829.076 8.26688 0.125 44.8716 1
964.792  678.678  918.455  687.258 9.94219 0.25 81.7864 1
1298.17  1030.16  1277.12  1113.42 10.0971 0.25 196.813 1
909.705  1285.35  856.993  1262.68 3.84071 0.25 38.0891 1
912.298  1279.96  859.325  1256.9 5.43846 0.25 76.939 1
1028.51  1293.2  962.45  1291.7 5.06397 0.25 75.284 1
1028.51  1298.92  962.459  1297.67 4.71328 0.25 63.5114 1
1093.81  1280.03  1027.47  1293.33 5.67176 0.25 70.2957 1
1094.81  1284.96  1028.42  1299.13 4.97749 0.25 45.8314 1
797.626  1023.37  756.241  981.746 5.75235 0.25 57.4375 1
760.887  782.81  739.889  809.01 4.54952 0.25 49.0422 1
766.269  787.129  745.015  813.103 3.44768 0.25 33.5798 1
1244.57  1019.46  1243.74  1038.47 5.08244 0.0625 50.1063 1
1391.55  1389.86  1325.73  1217.65 10.0795 0.25 329.815 1
719.208  782.248  732.612  769.562 5.31747 0.0625 47.9054 1
962.539  1297.33  908.64  1284.89 4.12385 0.25 51.2652 1
963.743  1291.45  910.146  1279.03 5.14078 0.25 63.0104 1
1075.26  1250.1  1095.02  1242.92 7.59793 0.25 31.9534 1
704.571  767.826  686.434  767.059 4.37654 0.0625 76.8263 1
1018.68  1119.29  986.4  1122.48 8.34294 0.25 32.8065 1
1277.81  1111.43  1234.83  1185.28 10.5538 0.25 181.527 1
1151.75  1255.83  1093.02  1282.21 9.8733 0.25 151.33 1
1214.8  1207.6  1150.67  1257.44 10.4248 0.25 165.953 1
923.743  1181.95  978.974  1152.38 4.934 0.25 39.3239 1
503.774  1688.3  927.029  1355.9 7.06179 0.25 357.533 1
949.766  356.224  989.807  249.615 3.8456 0.25 87.848 1
1726.31  847.222  1930.99  705.764 3.87203 0.25 281.368 1
991.082  250.65  1015.18  317.974 4.27162 0.25 52.5702 1
1084.16  1229.7  1098.59  1182.22 4.27603 0.25 43.7591 1
1235.19  1182.11  1212.22  1208.02 8.78003 0.25 108.552 1
1275.69  1138.57  1298.43  1078.85 4.71225 0.25 51.1473 1
519.12  955.605  265.487  779.963 3.97493 0.25 252.38 1
1352.25  1128.21  1630.9  1840.73 3.536 0.25 756.572 1
1572.5  694.5  1543.5  694.5 1 0.25 1.0618 1
1920.49  685.009  1576.51  693.104 5.19291 0.25 146.378 1
1360.5  1334.11  1463.98  1595.31 3.69711 0.25 293.565 1
676.84  842.147  694.546  808.991 3.94862 0.0625 126.735 1
1106.2  1288.99  1159.65  1263.82 4.83568 0.25 41.5927 1
1159  1264.17  1207.2  1228.44 4.68038 0.25 39.7411 1
1298.78  1078.67  1308.94  1000.69 5.18113 0.25 52.7048 1
758.972  980.406  761.163  968.084 8.75166 0.03125 19.0752 1
1237.87  1196.75  1275.95  1138.8 5.08433 0.25 37.5258 1
911.762  1186.45  876.41  1196.17 4.17289 0.25 36.3541 1
1001.09  395.501  1002.05  666.498 3.48746 0.25 252.117 1
857.664  721.287  910.442  701.346 5.3418 0.25 21.3449 1
645.869  1054.46  642.038  1022.44 4.32805 0.0625 126.227 1
514.688  850.838  695.58  902.218 4.59312 0.25 94.8409 1
1058.13  1301.8  1106.77  1288.47 4.50464 0.25 42.4745 1
706.921  899.216  744.749  822.131 4.34759 0.25 69.7559 1
1002.46  1307.07  1058.54  1302 4.87932 0.25 45.3915 1
744.916  822.14  789.364  770.383 4.11467 0.25 64.6302 1
714.651  1382.6  804.09  1252.91 4.14383 0.25 125.614 1
948.895  345.991  943.07  364.364 4.60361 0.25 8.42673 1
1205.95  1228.98  1237.25  1196.22 4.03151 0.25 42.5646 1
397.86  1796.68  379.406  1833.45 3.58476 0.25 30.8627 1
882.823  1066.11  841.062  1048.54 3.6943 0.25 26.1139 1
824.45  741.409  858.959  722.33 3.5218 0.25 62.9398 1
878.348  1281.98  940.458  1301.63 5.03191 0.25 37.1926 1
1591.52  786.61  1321.53  825.676 3.459 0.25 189.3 1
1681.16  802.984  1495.78  926.915 3.43376 0.25 214.475 1
776.502  715.501  817.298  592.433 3.22532 0.25 49.9499 1
1885.29  773.201  1408.78  1101.9 2.83908 0.25 125.84 1
1418.6  1107.64  1935.46  746.442 2.49734 0.25 149.857 1
615.714  1137.19  136.892  800.942 2.80923 0.25 186.168 1
963.703  502.538  946.016  596.409 3.5605 0.25 34.3803 1
1210.09  695.977  1181.44  611.183 3.60845 0.25 64.9252 1
892.046  784.089  876.34  801.451 4.94442 0.125 30.3713 1
1374.26  1682.81  1027.87  1416.02 2.68675 0.25 64.3046 1
1172.98  607.658  1203.23  706.277 3.23786 0.25 70.2757 1
1308.9  895.688  1567.21  809.631 3.79176 0.25 193.777 1
1301.03  1200.71  1359.58  1334.46 4.18372 0.25 82.9197 1
1004.71  1378.21  1197.37  1516.69 3.75559 0.25 126.753 1
723.083  1280.29  654.737  1414.62 3.09645 0.25 93.5998 1
977.963  1151.11  999.825  1134.61 2.60583 0.25 2.06315 1
1032.41  478.614  1034.93  502.665 4.33627 0.03125 22.4168 1
852.635  1399.67  525.546  1656.56 3.09201 0.25 85.9023 1
674.735  1204.21  665.774  1227.61 4.07323 0.25 10.2685 1
818.726  1187.23  835.232  1201.02 5.9057 0.25 19.03 1
840.374  1261.75  881.032  1282.42 3.36925 0.0625 107.797 1
1019.04  378.56  1031.92  478.703 4.98345 0.25 206.88 1
1019.83  326.689  1064.34  485.544 2.12488 0.25 44.3173 1
1012.48  687.745  1058.55  690.763 3.48579 0.25 22.7413 1
1308.62  1002.49  1298.44  918.386 4.60722 0.25 15.8865 1
758.851  1259.07  744.753  1242.9 8.06038 0.25 8.23923 1
1007.45  692.896  938.287  699.15 4.09473 0.25 10.3804 1
1140.7  802.73  1153.78  811.566 6.98456 0.25 7.97119 1
461.708  860.989  427.814  847.185 4.08175 0.25 35.6021 1
856.891  631.993  845.97  666.648 3.75128 0.25 28.7238 1
933.713  872.55  934.607  904.553 7.52797 0.25 25.1066 1
964.379  866.429  936.508  869.57 7.06795 0.25 25.8457 1
1454.52  743.797  1400.46  746.664 3.5177 0.25 54.9224 1
749.752  946.452  748.531  965.373 3.44454 0.0625 15.8315 1
804.77  1524.86  1003.75  1377.49 3.2975 0.25 47.8862 1
1081.68  1366.12  1091.49  1374.51 3.46915 0.125 19.8343 1
1167.46  1319.14  1080.93  1350.67 6.0437 0.25 45.2545 1
1334.23  838.002  1357.55  833.782 3.75807 0.25 11.6724 1
562.558  762.177  528.448  760.677 5.35828 0.25 12.9256 1
901.136  709.71  851.983  732.379 3.56608 0.0625 58.4932 1
503.064  880.429  459.322  859.879 2.46597 0.25 36.9631 1
634.492  937.519  605.802  925.762 2.15348 0.125 23.651 1
1400.6  1090.67  1357.46  1115.7 3.04466 0.125 27.4592 1
528.19  826.971  545.88  830.694 4.99529 0.25 6.89418 1
650.337  1054.65  647.558  1033.36 3.62186 0.25 20.3816 1
1369.41  832.199  1385.01  827.768 4.12101 0.125 18.4725 1
647.5  1007.5  647.5  996.5 1 0.0078125 8.28652 1
1153.51  1319.53  1125.97  1327.7 5.57244 0.125 46.3696 1
1364.51  758.839  1276.49  761.311 3.08306 0.25 16.8188 1
351.507  748.021  313.487  748.512 2.47754 0.0625 58.7136 1
965.269  1136.15  974.311  1130.21 1 0.03125 2.56695 1
1192.31  1194.9  1164.34  1198.15 3.46752 0.125 6.73367 1
760.684  809.95  735.718  846.973 2.43021 0.125 37.4268 1
928.074  823.81  908.955  835.617 2.42722 0.125 9.50359 1
1474.63  1571.97  1461.49  1543.97 2.54838 0.25 2.07505 1
987.5  1278.5  1013.5  1278.5 1 0.0625 15.5112 1
1400.47  746.207  1330.65  753.018 3.49517 0.25 2.93616 1
1273.5  753.629  1262.5  753.523 1.03837 0.0078125 6.17931 1
1916.21  706.646  1714.99  847.197 10.2699 0.25 321.499 1
1200.45  713.912  1504.53  704.424 5.25494 0.25 513.997 1
1010.4  1394.92  1622.49  1868.22 4.45227 0.0625 3073.23 1
33.4448  671.307  652.539  690.21 6.16416 0.0625 3551.58 1
792.267  820.807  741.346  911.414 9.56826 0.25 87.4247 1
827.738  724.763  786.453  762.134 10.7052 0.25 89.3057 1
898.855  496.957  834.957  690.651 12.0123 0.25 100.058 1
1245.85  1484.04  1447.39  1638.65 6.39174 0.125 76.3242 1
1384.57  679.051  1865.55  665.051 5.11922 0.03125 2631.01 1
832.756  721.633  787.238  760.7 10.6481 0.25 97.1793 1
899.227  497.076  834.844  690.614 11.9644 0.25 100.554 1
286.22  795.211  234.333  756.397 7.61027 0.25 12.6126 1
978.487  705.987  1019.51  704.985 2.75507 0.03125 147.795 1
1295.5  703.389  1319.51  703.992 2.30077 0.03125 55.2004 1
1200.48  713.939  1588.51  701.781 5.58161 0.03125 1753.53 1
691.513  1099.54  741.533  1195.52 7.84468 0.25 66.9006 1
1263.44  1062.41  1189.79  993.962 10.919 0.25 47.2464 1
989.358  209.034  951.405  341.048 8.55327 0.25 84.2453 1
728.742  958.564  732.777  1068.56 8.21929 0.0625 256 1
1866.48  664.849  1988.41  661.808 6.81875 0.25 184.848 1
733.463  768.567  579.406  763.212 6.83819 0.25 86.2622 1
835.265  1318.25  633.064  1524.04 11.62 0.25 497.918 1
939.507  1301.43  1004.49  1307.61 5.06995 0.25 49.4571 1
962.422  1321.23  1026.51  1323.06 5.2815 0.25 77.3098 1
1061.63  651.982  1113.55  665.29 5.34 0.25 46.8837 1
621.567  1321.87  544.882  1544.98 7.27239 0.25 41.3595 1
1392.45  707.86  1466.5  705.653 4.4485 0.25 160.913 1
907.586  474.191  845.195  658.721 8.95312 0.03125 417.415 1
1073.92  1360.87  1187.91  1437.4 9.25122 0.0625 99.7423 1
986.984  189.445  987.689  208.493 3.14596 0.25 14.3115 1
992.156  252.973  1014.8  317.394 3.81853 0.25 65.9455 1
868.389  587.149  836.467  688.122 10.0099 0.0625 541.695 1
1000.4  1358.66  418.015  1809.17 5.91972 0.25 466.498 1
994.949  177.05  908.496  497.388 13.6124 0.125 65.3457 1
899.132  497.062  869.985  588.014 8.18137 0.125 65.6951 1
1391.42  753.011  1271.4  759.63 10.4804 0.0625 499.573 1
1464.54  743.12  1262.56  754.569 3.82381 0.0625 150.722 1
673.262  1193.96  492.676  1691.56 14.4102 0.0625 477.785 1
1070.33  1355.03  1406.42  1603.26 9.58347 0.0625 259.385 1
1659.05  1892.66  1647.64  1898.75 6.17671 0.25 8.89623 1
365.228  1899.54  357.607  1890.23 6.75523 0.25 8.26762 1
1661.92  1883.45  1658.21  1892.57 5.93401 0.25 13.2511 1
1058.17  952.945  1052.93  948.126 5.2167 0.25 4.18331 1
1646.55  1897.94  1632.5  1898.39 2.09422 0.125 8.69876 1
915.886  953.725  917.059  967.366 5.23864 0.25 9.33453 1
1779.53  735.944  1757.5  735.557 6.17479 0.25 23.6845 1
998.568  1398.65  1010.4  1393.28 5.21236 0.25 4.22973 1
1010.1  30.6429  1006.99  21.9665 4.24889 0.25 5.98949 1
1654.5  1898.5  1998.5  1898.5 1 0.25 190.22 1
202.074  743.887  160.882  729.238 4.81689 0.25 91.1263 1
1640.35  1866.69  1643.36  1852.91 5.06528 0.0625 5.92374 1
786.493  1240.3  795.986  1248.12 4.62911 0.25 9.31088 1
1624.23  1867.82  1638.66  1865.49 4.04264 0.25 16.97 1
1012.54  1358.2  999.489  1356.59 5.71077 0.25 4.02745 1
756.268  1160.63  749.973  1149.81 4.4036 0.25 14.591 1
732.477  881.933  735.398  875.341 4.46731 0.25 2.37713 1
1096.83  1181.04  1119.49  1167.11 4.32917 0.25 30.769 1
804.173  1254.97  819.87  1265.97 2.71103 0.0625 4.46167 1
1109.08  1304.21  1126.45  1298.35 4.40905 0.25 22.0473 1
2.5  1898.5  360.5  1898.5 1 0.25 198.649 1
383.5  1898.5  1622.5  1898.5 1 0.25 729.064 1
1998.5  672.5  1998.5  2.5 1 0.25 386.491 1
1998.5  1897.5  1998.5  710.5 1 0.25 697.756 1
1311.36  1095.46  1316.54  1077.07 4.42067 0.25 27.2531 1
1478.35  1615.17  1466.94  1586.11 4.55 0.25 53.9364 1
988.066  114.479  987.522  151.53 4.23434 0.25 70.391 1
1303.49  880.503  1297.67  866.245 4.59237 0.25 19.0607 1
852.402  712.267  844.539  715.593 3.82602 0.25 1.17301 1
1930.75  705.619  1927.85  687.444 4.06644 0.25 6.71786 1
493.396  1692.42  479.602  1709.79 4.05372 0.25 21.0929 1
1075.42  1100.68  1091.56  1099.12 4.75002 0.25 6.57507 1
1101.47  1170.46  1120.98  1157.2 3.70283 0.25 13.5042 1
617.607  1096.35  576.504  1066.49 2.12963 0.25 13.261 1
1004.64  1362.68  945.034  1409.18 2.17562 0.25 22.737 1
1357.84  1114.68  1351.6  1126.55 2.745 0.25 0.999682 1
791.287  634.822  785.169  649.774 2.18715 0.0625 13.2569 1
856.148  1261.09  837.754  1250.08 3.08205 0.25 3.2073 1
930.288  1175.96  908.765  1166.1 3.44916 0.25 12.7451 1
930.843  1420.64  907.534  1438.54 2.08149 0.0625 11.5602 1
1242.89  945.487  1243.37  922.497 2.10466 0.0078125 19.9499 1
1247.62  972.558  1246.24  951.452 2.04609 0.03125 6.33393 1
1229.94  888.843  1217.85  869.282 2.304 0.015625 1.6103 1
1296.6  918.47  1291.82  902.706 2.00115 0.015625 11.9673 1
624.401  1134.1  362.932  1851.29 4.01081 0.25 1671.49 1
979.023  18.3488  776.592  656.895 4.0997 0.25 1628.73 1
99.5322  703.427  782.547  723.92 5.4681 0.03125 2908.99 1
1644.57  1852.7  1363.33  1124.56 4.70231 0.25 1535.92 1
408.415  806.998  631.248  844.98 4.88806 0.0625 703.78 1
1357.02  1029.78  1784.59  742.628 5.55744 0.25 870.612 1
1275.8  1295.34  1388.94  1506.27 5.12493 0.0625 658.208 1
1997.5  0.678936  2.5  0.678936 1 0.25 1167.91 1
1714.06  844.867  1327.68  1110.77 4.2748 0.25 718.265 1
1130.19  667.506  990.971  208.964 8.21826 0.25 511.635 1
395.144  1834.99  505.347  1691.15 3.82131 0.25 254.888 1
612.536  710.422  776.522  715.84 2.93646 0.03125 279.49 1
1011.56  913.197  1117.34  935.545 8.26755 0.0625 356.574 1
1524.55  675.053  1698.51  669.876 5.40247 0.03125 929.403 1
1494.17  1677.28  1585.19  1801.73 4.23472 0.25 317.285 1
79.6944  709.945  216.374  757.859 4.14885 0.25 293.127 1
136.474  674.344  758.557  693.653 6.04633 0.25 1903.45 1
1012.3  681.467  1008.64  479.479 3.36179 0.25 164.266 1
1614.63  813.031  1363.28  930.908 8.79967 0.25 974.262 1
1092.95  1265.33  1173.92  1220.9 8.98432 0.0625 354.975 1
914.722  1350.92  838.195  1321.68 6.48847 0.25 181.745 1
918.073  685.882  852.998  712.879 9.72922 0.25 118.375 1
1089.12  1040.04  1018.09  1121.01 5.20242 0.25 154.447 1
1352.33  958.487  1346.43  1034.57 6.76271 0.0625 196.739 1
919.531  782.509  908.511  820.211 5.62793 0.0625 168.267 1
1588.44  701.624  1908.56  691.468 6.88956 0.25 522.476 1
750.956  940.73  805.282  1002.69 6.56213 0.25 145.934 1
905.352  997.085  889.908  940.389 5.56195 0.25 146.062 1
1176.04  784.484  1093.11  740.349 8.8004 0.0625 295.693 1
656.648  1117.29  85.8299  716.454 4.47101 0.25 974.928 1
739.913  1089.36  787.537  1177.56 8.27367 0.0625 150.468 1
368.549  757.295  218.349  751.231 7.95315 0.125 217.446 1
188.549  681.777  29.478  677.28 4.21396 0.125 552.143 1
1082.02  959.974  1116.28  1058.89 6.18504 0.125 397.579 1
1318.79  837.178  1603.22  787.889 7.45959 0.0625 1155.87 1
739.978  805.684  695.824  888.066 7.32703 0.0625 260.951 1
764.502  704.851  624.5  705.501 2.4083 0.25 81.5197 1
892.255  795.563  913.853  743.813 5.94512 0.0625 187.626 1
845.046  677.956  948.245  647.631 10.1079 0.25 112.468 1
1076.86  816.282  1174.73  787.834 7.46755 0.25 82.5496 1
835.842  1316.76  633.83  1523.8 9.63116 0.25 707.627 1
909.872  699.126  1012.06  684.444 8.5272 0.0625 99.8101 1
1297.99  1199.87  1257.12  1244.4 7.59662 0.25 66.851 1
637.761  1138.59  399.634  1797.91 2.98718 0.25 753.419 1
1513.5  696.403  1405.49  697.791 1.03847 0.0078125 58.2722 1
1498.21  927.474  1378.89  996.169 4.27909 0.25 86.2745 1
1015.42  367.253  1051.18  644.799 12.3212 0.0625 1766.37 1
944.632  736.04  919.049  784.321 6.49505 0.125 137.111 1
992.574  1093.17  881.836  1068.48 9.69159 0.0625 234.176 1
1055.45  642.681  1127.95  667.139 8.89332 0.25 57.6376 1
745.426  808.837  701.33  890.326 6.32386 0.0625 143.906 1
1065.91  1354.23  1178.08  1444.27 5.84761 0.0625 76.4663 1
928.744  1345.63  839.039  1313.8 6.41557 0.0625 67.9621 1
851.359  731.92  794.257  773.164 2.95984 0.25 42.257 1
678.256  851.359  709.073  798.252 5.41369 0.25 37.8534 1
493.833  1020.46  840.787  1262.09 3.98533 0.0625 41.6013 1
745.358  1258.92  691.929  1180.21 9.16735 0.25 111.866 1
815.716  754.698  760.087  809.054 3.16321 0.25 31.2155 1
729.506  768.323  415.558  757.785 5.97121 0.0625 598.553 1
958.465  705.998  1036.5  705.224 7.95005 0.03125 195.861 1
736.588  1069.47  742.457  1087.51 4.18208 0.25 28.1862 1
718.349  1323.42  753.594  1258.09 4.35493 0.25 57.783 1
681.195  1177.29  492.811  1692.88 15.3539 0.0625 442.827 1
905.107  1440  809.552  1515.83 3.27013 0.25 3.34643 1
1532.5  696.063  1212.5  696.758 3.03256 0.0625 186.288 1
1202.49  706.114  1314.5  703.412 3.62606 0.03125 220.437 1
743.199  849.241  800.393  782.689 8.85232 0.25 93.0686 1
763.538  699.243  189.55  681.853 4.81579 0.015625 2728.81 1
757.435  695.16  964.8  44.9145 5.7386 0.25 2278.87 1
216.126  757.03  644.736  1059.75 10.362 0.125 844.364 1
1574.94  1795.22  1012.03  1359.82 4.07159 0.25 1491.82 1
1964.48  665.766  1222.46  688.205 3.27434 0.25 1199.13 1
1019.28  674.538  1010.23  382.477 4.62624 0.015625 1602.23 1
1908.47  696.646  1299.91  884.582 11.0013 0.0625 1067.64 1
371.163  1814.38  616.273  1138.14 5.53017 0.25 2224.72 1
1500.07  1673.05  1309.06  1173.19 7.14495 0.25 823.123 1
1360.64  1517.51  1183.57  1327.64 8.54067 0.25 868.331 1
479.168  1710.02  413.169  1794.24 4.9347 0.03125 350.792 1
817.082  1232.7  740.52  1142.02 7.60767 0.0625 241.921 1
957.887  590.553  985.404  388.351 5.8043 0.0625 727.978 1
614.259  1504.28  698.729  1348.99 6.15068 0.25 169.777 1
920.628  967.607  995.752  877.545 7.19206 0.0625 523.105 1
641.592  949.163  388.395  830.864 12.7853 0.0625 2157.95 1
1552.5  752.583  1384.49  757.3 2.56049 0.0625 114.815 1
1752.47  737.074  1551.53  751.86 7.6814 0.0625 282.256 1
