794
4542.97  2795.62  5177.58  2291.02 51.8354 0.25 4.42768 0
3061.13  2086.26  2939.23  1934.2 45.0874 0.25 0.875567 0
214.771  59.0795  14.1849  137.583 47.6143 0.25 0.501222 0
2656.32  1579.43  2692.96  1343.19 37.1128 0.25 5.05175 0
3350.5  226.724  3400.12  12.9561 46.5179 0.25 1.63738 0
2448.62  422.229  2573.84  659.473 65.643 0.25 6.97306 0
2735.74  909.108  2792.87  1128.65 32.1802 0.25 0.824276 0
1600.12  2038.68  1696.08  2113.05 15.0943 0.25 0.84155 0
2467.96  1435.97  2587.7  1267.79 16.8308 0.25 2.09021 0
4026.18  486.764  3689.44  329.479 14.6071 0.25 2.13481 0
542.121  1096.74  477.653  896.886 38.2077 0.25 0.132271 0
4221.38  456.989  4751.87  699.532 49.2681 0.25 1.15016 0
2223.81  42.0267  2467.87  416.971 60.4398 0.25 4.7804 1
8.68288  97.7764  207.149  11.4459 32.2229 0.25 21.1488 1
2023.57  789.677  2054.95  942.625 17.8827 0.25 1.46068 1
3700.75  312.874  5181.9  957.034 27.6883 0.25 54.3284 1
2882.94  1323.75  2959  1355.61 22.8311 0.25 3.56108 1
1907.06  980.966  1841.73  914.26 7.96611 0.25 0.831462 1
854.382  50.7426  916.813  19.6181 15.6628 0.25 0.0830089 1
1588.48  175.152  1654.11  261.918 7.37004 0.25 1.25727 1
14.5358  285  14.5822  2259 2.04636 0.25 578.835 2
3183  12.9184  2959  14.9481 2.9966 0.25 84.544 2
2976.55  1349.86  3186.69  1680.85 43.8723 0.25 24.4005 2
13.9777  223.955  508.754  501.439 43.4338 0.25 35.8704 2
3045.88  2025.47  2816.77  1888.74 31.2731 0.25 2.76224 2
1516.36  1478.84  1468.2  1669.3 6.46147 0.25 18.8732 2
2413.76  911.761  2441.27  839.871 12.0838 0.25 0.2718 2
5177  14.5673  355  14.6445 2.07725 0.25 1436.17 2
630.952  3425.13  608.258  3417.1 8.42952 0.25 1.43061 2
17  2403  17  2461 2 0.25 1.43385 2
4173.6  3196.98  4150.81  3212.72 8.85605 0.25 3.71575 2
1845.11  1068.84  1788.09  1027.49 8.21919 0.25 8.52413 2
1809.8  1300.01  1835.24  1279.83 7.29125 0.25 0.0424967 2
1074.26  2333.16  1043.2  2351.34 9.67173 0.25 2.59172 2
458.778  2873.83  498.613  2884.45 5.91887 0.25 1.54159 2
2565.6  1457.25  2583.55  1413.23 6.04158 0.25 0.0907201 2
1276  1786.55  1288.57  1758.8 5.11235 0.25 0.569694 2
1676.62  1101.46  1728.25  1143.91 4.17003 0.25 12.2567 2
1819.96  1228.23  1752.18  1281.4 4.90203 0.25 8.71623 2
2583.63  1400.21  2561.65  1438.22 6.47145 0.25 1.94939 2
1740.78  1310.8  1771.66  1279.65 6.08902 0.25 2.54806 2
4338.6  2351.68  4351.57  2328.21 8.8054 0.25 1.59019 2
1499.09  1505.02  1512.35  1436.49 5.40993 0.25 3.63755 2
2393.33  1307.12  2418.83  1237.67 4.81618 0.25 2.18025 2
2447.87  1212.44  2416.65  1274.82 5.37047 0.25 0.717259 2
1689.51  1074.37  1728.16  1106.03 3.02791 0.25 0.569694 2
1698.41  1247.99  1748.73  1218.54 4.30699 0.25 10.5922 2
1605.05  1026.81  1544.95  1025.56 2.79105 0.25 3.3923 2
3086.91  3377.18  3119.13  3375.51 6.3324 0.25 1.21765 2
1434.81  605.692  1396.86  595.508 3.17171 0.25 0.651201 2
1483.92  1526.78  1467.78  1605.57 4.29999 0.25 4.85212 2
1629.1  886.005  1575.04  880.595 4.96594 0.25 0.0374873 2
1848.28  1220.66  1892.97  1206.92 4.49882 0.25 1.96067 2
2652.15  1365.98  2601.2  1425.76 6.17406 0.25 3.38989 2
1853.96  1232.69  1883.22  1219.48 5.5869 0.25 0.873408 2
1875.49  2953.38  1908.93  2910.94 7.71081 0.25 1.53588 2
2664.71  1459.3  2697.39  1415.29 5.22133 0.25 6.04232 2
1505.42  114.438  1534.08  145.842 6.34699 0.25 0.498698 2
4564.16  2811.19  4644.25  2744.5 18.98 0.25 10.1642 2
2823  1323.03  2876.78  1329.01 3.62402 0.25 1.43061 2
1282.48  1758.79  1307.62  1696.44 4.99172 0.25 8.89754 2
1475.01  870.762  1437  870.644 6.08652 0.25 0.58034 2
1575.27  664.83  1630.92  671.687 3.9183 0.25 2.4922 2
1660.99  677.022  1690.5  691.981 4.77505 0.25 2.44138 2
1806.6  1023.96  1891.83  1059.78 7.50615 0.25 2.77445 2
2334.56  1475.4  2357.8  1383.71 2.75488 0.25 1.48259 2
1660.95  831.309  1596.94  821.366 7.42552 0.25 1.83148 2
2176.63  1406.97  2173.28  1443.03 4.72231 0.25 1.68654 2
1775.92  1289.78  1705.83  1352.18 5.03513 0.25 9.79726 2
2959.74  1429.95  2915.34  1398.52 3.57598 0.25 0.375133 2
1986.64  1038.3  1928.65  1022.28 3.91196 0.25 0.0424967 2
2420.82  1380.96  2410.63  1423.39 3.30108 0.25 0.314254 2
2503.4  522.346  2542.36  586.973 6.7514 0.25 0.0409804 2
4571.3  2911.06  3945.69  3433.52 16.2401 0.25 1317.67 3
2950.6  1872.98  2836.44  1687.23 21.777 0.25 154.401 3
3775.99  3457.47  4484.02  2863.93 17.7833 0.25 408.023 3
5182.3  2417.26  4648.52  2865.53 20.4499 0.25 943.395 3
966.035  1922.12  19.3365  2477.22 18.5607 0.25 3401.73 3
3330.66  2183.08  3380.01  2327.6 24.4202 0.25 80.9207 3
20.7416  2387.84  689.565  1991.67 18.2416 0.25 482.422 3
1195.22  2123.91  1181.51  2176.5 7.83047 0.25 73.4593 3
1288.39  1725.93  1237.12  1950.87 6.68421 0.25 217.367 3
2972.93  748.304  2720.39  889.095 35.0891 0.25 461.27 3
3326.62  541.469  2734.59  871.786 45.1785 0.25 75.4085 3
3368.21  2342.94  3264.01  2362.25 16.9007 0.25 98.7852 3
497.123  555.168  19.6887  282.165 46.9824 0.25 162.896 3
1711.32  1166.32  1627.81  1148.36 11.416 0.25 70.4207 3
1967.71  1120.15  1894.16  1075.15 13.6484 0.25 60.6579 3
1889.88  1118.83  1716.01  1037.28 10.4424 0.25 96.3083 3
1404.14  552.699  1497.5  585.672 9.27187 0.25 68.0761 3
2000.2  1054.12  2027.46  1096.52 17.0675 0.25 10.5274 3
2800.01  1793.64  2942.56  1878.72 20.803 0.25 220.061 3
4649.91  2866.98  5180.76  3163.25 20.4271 0.25 650.493 3
3257.59  2058.92  4568.13  2823.27 22.8326 0.25 2096.99 3
3296.5  18.8318  3105.5  19.3072 1.35346 0.25 180.078 3
3910.33  3423.4  3912.04  3437.18 8.80852 0.25 23.7814 3
3020.5  19.5565  2337.5  19.9074 2.29897 0.25 913.387 3
3909.64  3440.37  3939.58  3442.28 8.49107 0.25 43.3122 3
1719.5  20.3985  919.499  19.7805 2.35378 0.25 874.485 3
2168.5  20.1709  1731.5  20.3687 1.19192 0.25 245.1 3
3950.48  3425.65  3912.18  3421.42 11.8329 0.25 130.63 3
411.452  3082.2  450.473  3080.76 5.14381 0.25 26.2944 3
40.5827  3217.12  81.5779  3215.02 8.39777 0.25 9.04213 3
614.446  2862.58  587.542  2844.44 8.29102 0.25 21.4851 3
5168.56  3385.47  5177.66  3400.4 5.49708 0.25 10.3867 3
1871.86  1254.96  1923.14  1233.64 5.24726 0.25 20.4908 3
4795.94  2625.49  5185.77  2307.51 22.8401 0.25 95.2705 3
1038.78  2348.6  1050.39  2314.48 12.571 0.25 16.6348 3
1628.34  1154.57  1674.96  1174.74 8.45268 0.25 52.4735 3
4702.03  2683.25  4800.95  2608.14 20.5184 0.25 35.0575 3
1891.5  1041.51  1838.49  1011.74 8.76708 0.25 22.1496 3
1686.45  1242.44  1649.3  1272.25 7.78941 0.25 48.8489 3
3511.36  2809.98  3533.13  2804.14 7.4202 0.25 9.57296 3
1144.71  2617.52  1177.44  2604.35 8.17985 0.25 21.955 3
1471.45  705.049  1441.33  702.328 3.80383 0.25 7.46724 3
22.8998  2754.7  43.2132  2739.45 4.20766 0.25 9.25179 3
1600.48  789.658  1543.6  781.787 3.28971 0.25 20.7353 3
1808.6  3119.22  1778.87  3108.46 8.72216 0.25 7.53057 3
1641.59  1032.14  1619.49  1030.63 3.0614 0.25 2.09201 3
1362.03  287.487  1390.88  302.685 6.5635 0.25 5.09229 3
1494.1  379.874  1445.03  350.912 6.77645 0.25 0.766111 3
1537.23  614.783  1497.51  606.462 3.45876 0.25 25.2205 3
1661.61  734.651  1685.35  737.688 6.79355 0.25 0.706048 3
1821.43  2996.54  1840.62  2995.08 4.44524 0.25 3.48007 3
2834.39  1292.98  2892.67  1288.84 10.1131 0.25 31.0223 3
2914.62  1357.79  2849.68  1346.47 7.71815 0.25 13.8895 3
1593.29  603.267  1486.77  574.5 3.0954 0.25 4.60561 3
1514.66  600.639  1547.66  606.586 4.21168 0.25 3.56714 3
1700.7  1233.59  1651.46  1222.67 5.74359 0.25 14.1633 3
1868.33  1169.98  1795.69  1178.16 4.95596 0.25 48.0211 3
2016.85  1119.32  1991.93  1090.87 7.90125 0.25 15.7255 3
1807.46  1164.86  1884.52  1165.87 6.88086 0.25 37.8106 3
1570.01  200.88  1610.08  233.792 3.69926 0.25 4.19008 3
2998.37  1495.92  2956.64  1459.21 7.38288 0.25 5.10963 3
2047.71  936.383  2035.34  914.591 5.17019 0.25 4.20501 3
18.4988  292.5  18.4915  2061.5 1.00337 0.25 1047.65 3
18.5  22.5  18.5  108.5 1 0.25 34.3792 3
18.5  2203.5  18.5  2287.5 1 0.25 33.1751 3
18.5  2479.5  18.5  2844.5 1 0.25 202.354 3
3185.19  2292.22  3146.26  2222.29 23.132 0.25 21.6361 3
3244.58  2355.09  3185.22  2290.34 21.8091 0.25 65.7768 3
19.5927  260.5  20.2088  2391.5 3.83404 0.25 4739.09 3
18.9867  20.5032  20.4181  249.501 2.57504 0.25 240.818 3
19.5071  116.5  19.4092  243.5 1.04088 0.25 59.0637 3
19.8293  2469.5  19.815  2895.5 2.01401 0.25 483.908 3
21.2708  21.4974  21.6769  143.506 4.1098 0.25 242.29 3
87.5013  21.3021  20.5015  21.4115 4.02123 0.25 140.313 3
5182.54  20.8526  5029.5  23.4987 5.32771 0.25 245.485 3
21.7645  3207.11  40.2676  3212.32 5.98143 0.25 2.05239 3
3943.88  3449.17  3914.34  3453.4 8.77241 0.25 9.62093 3
3912.49  3444.86  3936.5  3445.38 2.34749 0.25 4.35879 3
22.4771  3213.5  22.949  3247.51 2.08306 0.25 5.04866 3
163.826  3013.08  184.56  3001.38 10.1394 0.25 3.29665 3
5028.5  22.708  4830.5  22.8218 2.07238 0.25 177.956 3
457.373  3067.43  474.325  3073.96 6.61749 0.25 2.55746 3
102.399  3440.95  116.369  3444.08 7.80619 0.25 3.04508 3
181.052  2998.42  183.36  3015.07 7.24898 0.25 0.735 3
505.631  3036.91  510.082  3057.15 9.53142 0.25 2.32692 3
911.678  3174.82  925.537  3183.44 10.4902 0.25 3.69464 3
22.8085  2800.5  22.655  2835.5 2.0219 0.25 6.93115 3
192.526  3015.6  171.471  3021.4 9.57189 0.25 10.3984 3
936.261  3190.92  912.102  3186.87 8.71695 0.25 2.70583 3
924.431  3244.51  931.606  3258.45 5.64937 0.25 0.778867 3
489.879  3055.35  505.097  3048.59 10.0527 0.25 7.95237 3
48.5438  3222.04  76.5228  3219.78 6.25273 0.25 29.9303 3
3695.07  3013.42  3694.36  3034.5 7.92769 0.25 6.20477 3
974.838  3194.98  949.978  3208.39 9.00022 0.25 11.843 3
488.666  3057.91  468.026  3066.27 5.78646 0.25 0.812971 3
913.457  3193.5  928.902  3208.22 8.03089 0.25 3.26671 3
992.472  3441.3  1009.49  3440.91 6.2064 0.25 1.46401 3
4117.53  2955.54  4137.83  2938.04 10.9696 0.25 10.1998 3
512.351  3056.09  490.639  3063.89 7.91068 0.25 2.3502 3
44.3822  3228.34  43.2026  3214.53 8.94602 0.25 0.518101 3
168.362  3024.24  163.827  3011.04 12.3235 0.25 16.0104 3
240.152  2915.75  218.908  2906.93 4.09096 0.25 0.391159 3
624.872  3087.51  641.595  3084.41 6.26976 0.25 0.455534 3
2949.5  23.5  2902.5  23.5 1 0.25 10.7658 3
3522.12  3099.91  3501.35  3102.09 7.8521 0.25 17.4989 3
4469.05  3312.21  4470.59  3331.41 7.73419 0.25 1.45772 3
4599.7  3186.69  4607.83  3205.79 3.87427 0.25 0.983767 3
78.6438  3231.14  56.4117  3236.1 6.93714 0.25 5.31652 3
2919.37  3444.13  2915.91  3454.64 8.84921 0.25 6.23725 3
3064.24  3405.34  3091.41  3381.27 7.65532 0.25 19.0593 3
3260.5  23.5474  3219.5  23.6102 1.52759 0.25 2.0956 3
3611.55  3309.85  3641.52  3310.74 4.29035 0.25 0.713781 3
5162.3  2893.46  5148.52  2906.52 9.32245 0.25 0.660934 3
643.359  3092.7  629.608  3095.12 4.23594 0.25 0.0850387 3
2748.77  3367.34  2753.36  3346.69 7.37605 0.25 20.6524 3
3768.5  23.5586  3735.5  23.4853 1.02 0.25 1.73488 3
3853.07  3073.1  3842.76  3089.66 8.48944 0.25 2.98473 3
3925.26  3436.81  3926.94  3427.4 7.25335 0.25 4.7094 3
4180.98  3201.14  4156.99  3219.15 5.79975 0.25 7.50967 3
4228.79  3207.88  4211.23  3221.14 4.80448 0.25 14.8219 3
4889.6  2674.78  4756.44  2789.75 10.7955 0.25 256.116 3
198.317  2830.71  171.633  2829.18 8.04403 0.25 4.59641 3
258.682  2889.66  232.363  2891.88 3.55084 0.25 5.28624 3
443.453  3063.8  462.149  3066.73 9.51146 0.25 9.32274 3
537.055  406.401  531.249  373.902 2.36331 0.25 2.87116 3
932.201  3257.84  951.115  3274.69 11.2136 0.25 0.11167 3
1632.67  3029.51  1607.34  3031.71 7.36139 0.25 8.19696 3
1911.2  3216.22  1923.24  3246.4 9.00097 0.25 6.3154 3
2424.5  23.5452  2336.5  23.5424 1.00155 0.25 34.8482 3
2443.94  3296.44  2428.46  3299.25 8.22875 0.25 3.31134 3
2688.46  3386.65  2667.42  3381.85 7.71474 0.25 0.80409 3
4108.08  2925.19  4096  2952.72 8.37382 0.25 4.25164 3
4478.43  2345.29  4480.64  2375.49 8.47074 0.25 3.86882 3
4673.23  1589.66  4664.02  1570.73 4.7675 0.25 5.30353 3
4720.1  3141.26  4708.95  3159.77 6.59181 0.25 3.93611 3
48.5255  2835.73  69.4698  2836.42 6.1944 0.25 6.31715 3
608.765  3439.23  641.793  3446.09 5.1942 0.25 4.7435 3
814.893  66.784  858.827  29.5274 5.29161 0.25 3.5344 3
965.78  3299.07  995.539  3318.5 4.29193 0.25 1.56538 3
1307.55  2836.07  1282.5  2835.54 7.16823 0.25 0.0521876 3
1762.8  3120.96  1749.57  3129.61 5.28976 0.25 5.80283 3
1844.93  2986.83  1822.55  2983.22 10.6372 0.25 2.87412 3
1977.49  3023.92  1953.49  3024.04 8.05202 0.25 9.09327 3
2475.53  3238.01  2454.54  3238.43 12.0777 0.25 1.97867 3
2761.03  3343.2  2758.08  3367.69 7.82313 0.25 13.5469 3
2898.63  3438.28  2924.23  3441.04 8.304 0.25 1.3525 3
3108.78  3388.94  3087.72  3391.4 8.75843 0.25 5.27928 3
3677.07  3010.42  3694.75  3015.26 6.53621 0.25 1.713 3
4533.44  2340.33  4528.2  2372.27 9.70638 0.25 4.9768 3
4942.06  2788.61  4896.4  2782.18 5.62231 0.25 9.47308 3
65.2625  2837.96  57.3285  2855.98 3.95569 0.25 0.489282 3
1700.77  1253.8  1754.3  1224.15 6.20471 0.25 34.8253 3
3521.64  2848.73  3547.74  2823.75 12.5711 0.25 5.54662 3
5134.14  2884.53  5133.07  2909.65 10.692 0.25 27.2925 3
31.9441  94.742  65.0077  82.9199 7.45815 0.25 12.0679 3
172.258  2819.31  200.423  2823.07 6.42454 0.25 3.97905 3
331.489  2843.42  311.565  2846 2.49647 0.25 1.14654 3
663.504  3082.52  643.848  3087.02 5.20941 0.25 0.0191291 3
761.569  2691.11  726.567  2695.09 7.45548 0.25 7.69164 3
852.249  2517.93  878.148  2522.49 7.64689 0.25 0.0236315 3
951.629  3254.07  937.678  3249.9 8.05284 0.25 5.25187 3
1120.65  2947.96  1099.63  2941.11 5.45831 0.25 5.37165 3
1244.06  76.8544  1268.26  97.9274 9.6084 0.25 1.15943 3
1699.34  586.267  1717.22  598.441 6.62778 0.25 4.34601 3
1792.87  3100.9  1807.98  3104.42 9.05716 0.25 12.2268 3
1917.7  3243.17  1894.61  3239.73 7.697 0.25 1.86787 3
2839.69  3424  2827.9  3430.4 9.34081 0.25 4.26772 3
3107.93  3412.55  3111.14  3384.46 8.48836 0.25 3.94632 3
3215.49  2881.17  3255.49  2880.9 9.99973 0.25 2.91551 3
3275.09  3274.68  3251.38  3279.97 7.59773 0.25 8.70185 3
3295.16  3223.33  3318.28  3216.72 6.04227 0.25 14.9713 3
3417.53  2989.62  3393.43  2996.26 5.8829 0.25 1.63378 3
3956.97  3063.69  3937.45  3071.38 8.73966 0.25 2.71761 3
5028.41  2900.61  5026.73  2883.48 5.95194 0.25 2.79335 3
5119.57  3455.11  5114.4  3430.31 7.95377 0.25 4.3774 3
5178.89  3415.04  5161.15  3394.81 9.49701 0.25 4.92864 3
5177.78  3389.58  5180.34  3411.52 7.71337 0.25 8.545 3
322.658  2855.75  338.376  2859.08 4.55524 0.25 1.41768 3
475.508  2884.47  497.497  2890.51 4.21704 0.25 13.5489 3
611.629  2657.18  602.329  2677.34 9.98412 0.25 6.76965 3
643.685  2899.88  618.336  2903.27 5.75165 0.25 0.399744 3
773.423  87.1997  803.498  79.4919 2.3191 0.25 2.42318 3
785.641  3380.52  797.551  3378.87 2.78433 0.25 0.324106 3
866.952  3282.41  871.369  3255.65 2.89121 0.25 1.41797 3
1020.36  3110.03  1032.51  3106.54 3.18563 0.25 1.08125 3
1333.89  3232.5  1358.6  3242.25 4.56246 0.25 2.21776 3
1498.32  3250.33  1461.1  3242.37 3.57645 0.25 0.719823 3
1520.66  699.605  1455.95  708.704 6.59148 0.25 1.05093 3
1500.4  599.949  1560.21  612.856 6.15322 0.25 18.2545 3
1647.41  1035.23  1552.55  1030.53 6.57661 0.25 34.2409 3
1723.64  128.21  1698.43  115.646 3.74977 0.25 1.40067 3
1812.26  3216.18  1800.6  3224.98 3.90329 0.25 0.229756 3
1888.45  2992.76  1909.51  2996.44 5.4278 0.25 0.127079 3
1898.48  3230.61  1913.5  3230.33 5.96194 0.25 7.29364 3
2790.5  23.5  2759.5  23.5 1 0.25 1.13282 3
2996.55  3374.88  2982.55  3376.88 6.36316 0.25 1.5866 3
3019.37  3411.18  2994.18  3421.73 7.68084 0.25 1.88944 3
3251.47  3268.66  3276.62  3267.76 7.24488 0.25 5.11478 3
3324.61  3227.39  3283.25  3232.45 6.67614 0.25 6.40727 3
3353.69  2859.28  3358.11  2875.17 9.20657 0.25 1.28967 3
3510.6  2813.16  3539.68  2808.62 5.06432 0.25 10.3418 3
3546.55  2859.09  3522.62  2858.21 6.89726 0.25 4.9078 3
3567.26  2831.88  3585.23  2835.03 7.05612 0.25 1.01967 3
3713.3  3342.15  3690.6  3335.19 4.98569 0.25 2.90405 3
3843.49  3088.96  3822.5  3089.04 4.51136 0.25 1.90664 3
3870.17  2640.94  3888.24  2645.68 11.042 0.25 0.859222 3
4172.27  3375.75  4174.54  3359.51 4.81846 0.25 2.3754 3
4185.43  2887.33  4205.36  2878.42 2.44256 0.25 0.33087 3
5088.18  2756.85  5067.36  2759.34 6.43609 0.25 3.48408 3
5146.01  2903.53  5145.67  2883.53 7.06641 0.25 0.0664042 3
310.681  950.742  348.18  954.604 5.51831 0.25 2.22128 3
356.662  3408.52  385.566  3403.91 4.90343 0.25 0.0664042 3
363.452  960.11  379.577  958.123 2.98095 0.25 0.0710487 3
454.736  66.8827  432.542  80.568 1.85153 0.25 3.55552 3
487.135  1246.51  508.693  1242.56 3.12355 0.25 5.23026 3
609.871  3025.96  605.778  3038.26 4.19317 0.25 1.91035 3
948.557  2594.73  943.432  2618.7 9.01016 0.25 3.76833 3
1522.59  2781.07  1507.4  2777.98 6.13586 0.25 0.0729739 3
1690.99  1243.31  1648.35  1278.32 7.265 0.25 60.2785 3
1750.24  3096.37  1778.82  3089.9 4.55938 0.25 0.207651 3
1799.63  1226.26  1848.16  1194.98 4.05666 0.25 10.6224 3
1940.69  3264.66  1948.07  3250.69 9.31096 0.25 0.527552 3
2492.53  33.7734  2532.42  28.8302 3.33302 0.25 0.104464 3
2695.87  3326.94  2657.07  3336.83 9.12859 0.25 9.7012 3
3046.4  3399.61  3027.3  3423.15 6.18737 0.25 8.19696 3
3247.57  3348.75  3268.37  3343.04 2.89648 0.25 1.04291 3
3501.93  3098.06  3512.55  3084.31 8.46912 0.25 0.578695 3
3515.36  3084.16  3520.47  3097.29 6.20026 0.25 0.222265 3
4702.84  3056.14  4682.45  3036.55 5.28858 0.25 0.244329 3
5093.42  2613.57  5103.78  2624.26 7.48874 0.25 4.246 3
64.7255  87.9872  88.6089  73.3037 12.9673 0.25 2.12642 3
77.8626  1723.69  100.024  1706.16 5.1969 0.25 0.96369 3
85.0801  1501.09  103.093  1490.11 4.81068 0.25 1.46401 3
180.496  2760.51  205.14  2779.96 4.48024 0.25 0.0664042 3
379.505  1249.54  413.575  1245.07 4.55009 0.25 0.975707 3
422.299  2601.88  387.39  2613.16 7.35172 0.25 4.4912 3
441.083  1942.14  458.637  1921.62 2.37971 0.25 3.1547 3
859.528  3257.19  838.442  3258.03 4.85255 0.25 6.28679 3
933.823  2410.75  912.983  2399.45 6.93939 0.25 0.688391 3
930.053  2619.72  935.051  2583.88 10.9886 0.25 2.94374 3
1303.9  3332.69  1285.16  3346.4 4.55791 0.25 1.23624 3
1514.65  1453.57  1537.3  1406.41 3.37657 0.25 3.91366 3
1775.96  3097.77  1752.43  3115.41 8.9997 0.25 0.608826 3
1854.65  1224.39  1904.74  1210.7 5.68543 0.25 10.3207 3
1988.78  2919.5  1964.3  2940.44 4.76932 0.25 1.12916 3
2197.63  3039.67  2178.64  3048.69 7.31791 0.25 1.01821 3
2426.72  3279.53  2411.64  3291.67 4.83333 0.25 0.00430948 3
2569.99  3452.39  2559.21  3428.18 9.33647 0.25 10.4993 3
2583  1372.92  2554.23  1407.27 2.9915 0.25 5.00155 3
3025.91  3408  3038.65  3397.47 5.27214 0.25 2.88719 3
3358.57  2873.39  3335.99  2883.33 8.55769 0.25 1.10576 3
3804.47  3125.44  3792.6  3137.65 5.45204 0.25 0.725193 3
3859.44  2658.27  3868.74  2635.19 10.8061 0.25 5.24104 3
3940.26  3076.8  3929.69  3095.61 4.47472 0.25 6.71174 3
4163.42  3225.4  4185.78  3207.86 8.20686 0.25 3.5788 3
4763.69  3152.49  4762.86  3137.48 2.82149 0.25 0.741407 3
5063.7  3189.8  5004.94  3153.77 12.1282 0.25 13.911 3
309.57  1293.93  355.5  1286.5 6.16636 0.25 7.45226 3
942.699  2582.38  948.987  2595.24 8.26029 0.25 0.876064 3
967.535  192.538  982.215  179.096 2.75234 0.25 0.229756 3
1270.57  239.581  1256.59  227.563 2.51729 0.25 1.0222 3
1788.88  1312.25  1809.97  1301.46 5.40397 0.25 17.9372 3
2608.67  3413.25  2581.26  3424.93 5.36437 0.25 1.61971 3
3008.08  2947.73  2988.1  2932.7 7.10384 0.25 3.53353 3
3250.25  2890.98  3236.3  2902.48 8.26198 0.25 4.53128 3
3710.03  3310.1  3728.94  3287.88 1.83916 0.25 3.85727 3
4026.16  1307.96  4044.85  1281.34 3.05362 0.25 0.143067 3
4648.81  2950  4571.64  2914.64 17.2705 0.25 30.7391 3
5141.68  2864.98  5166  2855.84 2.3899 0.25 0.592621 3
336.096  3410.59  326.905  3398.74 7.53117 0.25 3.48307 3
468.317  3061.72  470.921  3040.43 4.55545 0.25 3.96239 3
734.185  2680.85  757.675  2684.31 4.70526 0.25 0.618933 3
838.007  26.6447  822.102  22.2969 4.90515 0.25 0.959872 3
890.883  2539.75  859.515  2532.87 6.23985 0.25 8.80833 3
1080.36  3018.96  1115.74  3017.07 12.1428 0.25 6.07047 3
1142.63  2625.75  1182.58  2605.65 5.84179 0.25 17.9511 3
1184.73  139.737  1156.22  121.944 5.34547 0.25 2.60232 3
1351.13  2843.37  1331.38  2846.8 5.13739 0.25 3.18616 3
1436.62  2742.09  1410.25  2747.22 5.41585 0.25 4.75756 3
1594.38  3114.54  1577.64  3116.62 5.06925 0.25 0.166625 3
1633.93  3099.93  1599.4  3107.57 10.4119 0.25 1.07207 3
1692.41  760.913  1724.88  768.244 9.40866 0.25 1.24272 3
1844.48  1145.04  1780.49  1145.41 12.1054 0.25 31.6129 3
1896.3  1088.02  1870.41  1069.25 7.90872 0.25 1.78055 3
1878.5  1170.52  1912.51  1171.09 7.06654 0.25 10.4216 3
2515.47  3323.01  2496.54  3321.8 8.23796 0.25 2.44665 3
2530.55  55.7224  2495.57  63.7882 2.0466 0.25 1.92793 3
2584.47  3422.21  2567.94  3407.99 2.76548 0.25 2.97034 3
2749.65  3336.54  2708.35  3342.46 9.89607 0.25 5.87241 3
2758.85  3322.31  2742.05  3327.33 5.22189 0.25 2.50555 3
2752.69  3305.39  2760.43  3319.54 7.1007 0.25 0.0334571 3
2789.35  3295.4  2773.45  3292.83 4.2472 0.25 0.452434 3
2931.09  2931.45  2907.41  2921.37 6.76322 0.25 1.15265 3
2995.94  171.556  3031.5  166.49 3.84885 0.25 0.416098 3
3014.57  3397.23  3017.66  3409.46 5.29644 0.25 0.964671 3
3235.08  2898.44  3233.45  2883.4 7.39017 0.25 3.04508 3
3336.51  2862.66  3355.68  2861.52 8.22357 0.25 0.975707 3
3783.56  3176.3  3759.48  3178.18 4.5153 0.25 2.17443 3
4232.77  1518.2  4238.83  1544.19 10.8745 0.25 0.804538 3
4344.48  2359.49  4361.09  2330.69 6.56304 0.25 4.82642 3
4422.06  2293.82  4411.44  2312.46 6.17851 0.25 5.00155 3
4671.1  3094.6  4667.74  3114.71 6.73911 0.25 2.52454 3
46.904  2587.28  44.702  2573.31 4.26265 0.25 2.83927 3
102.428  1488.7  136.371  1500.86 5.98738 0.25 13.485 3
510.286  1148.6  511.944  1117.63 4.88304 0.25 2.62621 3
636.565  3043.41  612.848  3026.03 4.27333 0.25 8.86363 3
874.058  2561.48  853.006  2555.67 6.37653 0.25 0.536298 3
883.196  703.258  907.203  693.751 2.29913 0.25 1.26909 3
1403.5  301.495  1377.11  288.278 2.47495 0.25 6.17974 3
1539.62  514.978  1491.81  504.149 4.76887 0.25 6.85502 3
1595.38  701.167  1544.57  692.095 2.66899 0.25 19.8093 3
1597.31  792.472  1577.69  788.544 3.51247 0.25 4.18982 3
1614.46  923.018  1574.51  920.297 3.60013 0.25 12.6857 3
1625.86  792.228  1668.34  796.937 4.12887 0.25 2.40308 3
1751.42  1236.35  1785.47  1217.62 5.12389 0.25 4.26163 3
2123.33  3054.74  2087.18  3049.93 7.80049 0.25 1.07893 3
2111.55  3045.95  2133.55  3047.97 7.08466 0.25 3.61946 3
2205.18  1412.49  2205.55  1357.51 3.64212 0.25 21.8487 3
2247.86  1475.47  2251.02  1407.43 7.43598 0.25 3.83365 3
2303.15  1109.18  2294.2  1146.96 6.50524 0.25 6.50913 3
2341.16  863.448  2335.74  898.843 7.53354 0.25 8.52376 3
2618.59  3171  2597.52  3174.63 1.91714 0.25 0.741407 3
2784.65  1258.26  2844.99  1242.37 10.4356 0.25 94.9333 3
3118.26  2227.82  3127.95  2195.94 5.11477 0.25 3.97004 3
3535.44  2821.61  3503.5  2822.61 10.1829 0.25 0.50424 3
3583.6  2846  3567.75  2844.9 8.67266 0.25 8.65563 3
3622.78  3107.46  3622.34  3125.54 6.95004 0.25 2.24368 3
3940.53  3155.36  3959.59  3159.06 4.96605 0.25 1.28254 3
4235.47  3273.06  4257.5  3272.55 1.79145 0.25 0.181392 3
4479.51  2376.46  4461.42  2370.76 9.23742 0.25 1.88775 3
4683.85  2684.35  4704.44  2681.14 8.48712 0.25 0.518202 3
4744.47  3006.18  4722.56  2996.68 5.35663 0.25 0.615477 3
5084.56  2616.14  5092.77  2615.35 4.37649 0.25 0.93623 3
205.636  3429.03  227.726  3423.39 4.27726 0.25 0.895966 3
239.198  2978.48  240.418  2956.5 8.15085 0.25 0.637373 3
449.391  1296.93  467.581  1295.66 2.85148 0.25 0.855891 3
459.908  2492.39  466.877  2476.09 7.6234 0.25 0.0223465 3
521.169  2494.94  491.648  2501.2 4.57246 0.25 3.66164 3
573.143  2494.47  533.793  2486.12 7.75694 0.25 5.86862 3
567.699  3034.08  586.866  3027.58 3.09088 0.25 3.89291 3
693.433  527.337  713.189  519.165 2.43949 0.25 1.14654 3
701.646  1276.59  714.228  1255.73 2.26466 0.25 0.855891 3
713.298  3082.7  727.848  3097.16 4.7123 0.25 0.33155 3
794.501  2238.5  807.461  2222.47 2.83573 0.25 0.66181 3
976.537  3073.57  953.564  3074.36 5.2036 0.25 5.31057 3
1045.88  2345.07  1052.88  2328.07 5.3849 0.25 7.67719 3
1103.41  2934.94  1119.58  2938.06 2.81939 0.25 2.68612 3
1250.27  175.909  1238.91  161.182 2.59656 0.25 2.68612 3
1282.58  2823.72  1308.39  2826.5 6.9836 0.25 3.22986 3
1377.16  3294.03  1386.4  3317.54 2.55113 0.25 2.63924 3
1459.97  1653.92  1446.54  1701.23 5.55943 0.25 3.3586 3
1587.82  1748.7  1578.81  1763.07 2.62996 0.25 1.0222 3
1630.91  2905.4  1658.01  2891.5 10.3475 0.25 5.29199 3
1669.21  2922.9  1632.95  2915.33 10.1245 0.25 3.48535 3
1672.15  1193.51  1697.71  1201.84 3.02151 0.25 5.93282 3
1697.51  1049.47  1724.53  1063.45 5.43214 0.25 10.8969 3
1802.31  3087.76  1787.42  3097.37 6.16485 0.25 0.187432 3
1818.06  1090.46  1766.89  1066.82 3.41326 0.25 40.5545 3
1808.68  1266.13  1841.08  1246.79 3.7127 0.25 4.82369 3
1880.26  1087.59  1904  1101.65 4.20269 0.25 1.62931 3
1883.1  1007.65  1893.88  1036.36 5.80519 0.25 2.1185 3
1868.99  1261.38  1929.12  1233.85 6.74953 0.25 24.7716 3
1973.97  972.04  1995.21  993.763 6.73168 0.25 4.97553 3
2060.24  956.668  2042.58  922.456 10.1206 0.25 13.3547 3
2351.54  1389.51  2341.62  1429.78 5.60125 0.25 26.8579 3
2575.79  3420.37  2571.82  3442.56 6.43066 0.25 1.92161 3
2609.25  3357.12  2630.98  3343.24 5.38984 0.25 2.31356 3
2739.16  3285.28  2746.49  3274.15 4.44708 0.25 1.17652 3
2754.59  3250.5  2754.06  3236.44 5.99569 0.25 3.33999 3
2823.77  3162.24  2806.67  3191.6 3.11813 0.25 2.03512 3
2868.73  3316.28  2852.59  3317.6 4.05827 0.25 0.997699 3
2913.8  3454.09  2897.21  3441.9 9.90174 0.25 4.26163 3
3017.74  3224.44  3038.5  3241.26 3.86334 0.25 0.730476 3
3407.16  422.282  3425.01  407.101 2.27437 0.25 2.76946 3
3430.2  2917.68  3474.98  2910.34 5.86298 0.25 1.13595 3
3753.64  3287.65  3771.6  3271.61 2.72732 0.25 0.470151 3
4561.4  3108.95  4582.51  3110.39 3.53565 0.25 1.89181 3
4810.5  23.5935  4779.5  23.553 1.01958 0.25 0.530763 3
4872.1  3200.16  4855.7  3219.52 6.43116 0.25 8.10083 3
4902.31  2704.17  4942.66  2680.77 3.43029 0.25 4.30883 3
5093.69  3206.19  5064.57  3188.72 5.95919 0.25 2.10037 3
23.9991  2757.71  44.8762  2744.51 5.3356 0.25 0.913002 3
77.1095  96.5822  94.026  89.3858 3.24662 0.25 6.04546 3
118.45  3433.34  147.336  3423.99 3.73569 0.25 1.8935 3
145.313  3441.07  163.977  3431.42 5.37258 0.25 0.70313 3
171.443  2405.33  145.72  2414.14 6.29845 0.25 4.24925 3
461.711  2470.92  485.512  2488.48 9.74922 0.25 0.85238 3
550.786  1899.05  583.68  1881.84 3.27613 0.25 0.642293 3
667.646  1044.77  689.693  1032.86 2.18309 0.25 0.33087 3
675.554  2539.1  700.901  2542.56 5.80975 0.25 0.399744 3
705.677  149.807  730.492  135.486 4.32958 0.25 1.55819 3
717.242  1253.14  734.561  1240.58 4.12832 0.25 2.44099 3
754.36  2581.83  779.72  2576.56 4.65422 0.25 3.33256 3
938.889  829.216  961.912  818.265 1.80387 0.25 1.86437 3
999.665  2607.2  1027.76  2584.82 3.13513 0.25 4.246 3
1074.61  2345.73  1046.89  2358.35 7.45014 0.25 1.2131 3
1055.88  2319.1  1078.51  2324.46 6.76881 0.25 0.210064 3
1099.16  939.782  1067.19  954.843 2.17089 0.25 1.89181 3
1142.33  2296.24  1113.46  2300.18 10.8994 0.25 4.7285 3
1264.29  3249.31  1238.33  3239.99 3.95562 0.25 0.618933 3
1290.4  1759.67  1313.69  1700.79 7.65296 0.25 8.59901 3
1371.12  1872.64  1348.94  1899.86 3.41425 0.25 2.90405 3
1362.08  2772.04  1364.89  2787.61 8.32514 0.25 0.913002 3
1372.42  2609.97  1392.83  2595.55 2.06055 0.25 1.14654 3
1371.33  3270.05  1394.56  3277.3 9.55073 0.25 2.46499 3
1453.69  1546.6  1465.34  1524.42 2.01618 0.25 1.68628 3
1487.37  1626.33  1472.39  1678.47 4.11783 0.25 14.8881 3
1547.64  1886.31  1535.19  1919.14 3.70709 0.25 0.413498 3
1592.79  1125.39  1561.4  1128.51 4.07041 0.25 5.27718 3
1627.61  1466.64  1608.78  1481.59 2.71483 0.25 4.95159 3
1760.87  1370.46  1723.29  1393.16 2.92525 0.25 5.13296 3
1727.38  1288.39  1752.26  1261.28 1.26488 0.25 4.5129 3
1774.6  1272.65  1760.06  1281.8 4.98319 0.25 0.166625 3
1844.13  1218.3  1776.08  1271.96 7.18715 0.25 28.6653 3
1801.71  482.992  1773.56  449.286 4.3982 0.25 3.18103 3
1783.46  1169.97  1828.51  1168.74 5.13482 0.25 19.6589 3
1866.6  1208.03  1840.01  1222.6 7.77386 0.25 9.18933 3
1892.91  964.01  1869.69  944.678 2.68521 0.25 1.43234 3
1900.78  1305.53  1935.91  1296.03 8.01454 0.25 3.27659 3
1948.03  2893.49  1932.64  2897.08 8.53635 0.25 2.52454 3
1960.43  3254.33  1949.93  3263.97 6.26807 0.25 2.47096 3
1956.97  569.476  1956.66  537.508 6.24908 0.25 6.26431 3
2078.85  1155.39  2069.87  1125.69 4.66593 0.25 6.25215 3
2276.72  1210.25  2288.27  1173.43 2.45112 0.25 0.835868 3
2291.43  1503.91  2280.63  1554.74 3.00517 0.25 2.83587 3
2370.42  910.571  2368.76  885.417 6.90354 0.25 6.50268 3
2407.83  3077.81  2391.29  3074.57 4.67707 0.25 1.43234 3
2417.32  1709.43  2409.36  1729.45 1.90843 0.25 4.42073 3
2460.79  1120.66  2450.34  1139.29 6.29552 0.25 0.616971 3
2510.5  1090.02  2493.09  1126.34 7.05994 0.25 9.36814 3
2498.39  1160.57  2521.54  1132.71 2.95281 0.25 2.47376 3
2576.84  1449.02  2584.04  1430.32 5.7442 0.25 11.0427 3
2594.35  1013.29  2573.52  1028.52 2.64388 0.25 1.95892 3
2601.46  1427.48  2591.12  1443.25 1.8396 0.25 0.357437 3
2595.8  1472.97  2610.91  1453.05 2.01342 0.25 1.14654 3
2651.67  1378.15  2608.53  1430.03 9.22745 0.25 30.6189 3
2617.86  1429.88  2633.75  1414.71 1.95888 0.25 1.0222 3
2667.46  1432.47  2650.02  1457.86 3.19096 0.25 0.587221 3
2664.84  3330.35  2673.35  3314.97 6.56186 0.25 0.876064 3
2824.27  3427.44  2828.44  3412.02 9.32156 0.25 0.797562 3
2910.98  2747.79  2892.7  2775.63 10.1923 0.25 8.85779 3
2907.4  3299.74  2903.69  3314.81 10.331 0.25 2.7681 3
2934.2  3314.09  2952.1  3300.95 1.77574 0.25 2.0956 3
2971.19  1523.98  2943.29  1505.83 3.15566 0.25 7.68602 3
2917.27  1332.33  2970.41  1375.72 15.2084 0.25 68.789 3
3021.27  3123.17  3043.11  3107.94 2.84713 0.25 2.89087 3
3037.45  843.447  3019.11  859.205 3.91805 0.25 0.0729739 3
3041.43  3280.44  3058.31  3261.21 2.87665 0.25 0.926354 3
3429.09  407.896  3453.85  391.019 2.45817 0.25 3.96673 3
3539.49  2811.93  3533.8  2821.97 6.91111 0.25 2.86003 3
3810.59  3126.88  3837.72  3120.41 3.09403 0.25 0.222265 3
3912.4  3049.01  3936.77  3043.77 4.00847 0.25 5.32568 3
4079.7  3173.7  4099.76  3153.76 1.7591 0.25 2.0956 3
4226.7  3360.29  4233.94  3332.35 2.62796 0.25 2.39814 3
4235.79  559.174  4282.84  579.07 3.73594 0.25 5.71511 3
4285.17  1565.73  4303.38  1581.64 3.54934 0.25 1.92373 3
4354.1  2370.2  4341.56  2354.82 10.0072 0.25 0.342609 3
4379.84  2362.56  4353.19  2371.58 9.50168 0.25 9.942 3
4449.43  589.226  4476.5  582.484 3.56378 0.25 4.88746 3
4634.26  2696.31  4649.88  2676.59 3.82641 0.25 0.0729739 3
4721.72  2988.57  4700.18  2983.57 6.48982 0.25 0.748881 3
196.436  2850.18  222.488  2852.63 3.00636 0.25 0.959872 3
216.808  3416.69  226.786  3400.68 2.56338 0.25 4.12087 3
351.263  729.664  374.653  723.042 2.28633 0.25 1.79105 3
413.589  2134.6  428.84  2120.88 2.84397 0.25 0.66181 3
419.641  1445.5  420.289  1423.52 1.64548 0.25 1.65139 3
489.778  171.514  490.697  153.459 2.14986 0.25 2.67613 3
589.26  1611.48  588.841  1581.51 4.44363 0.25 2.47732 3
616.524  665.551  636.338  656.294 2.22553 0.25 1.34018 3
646.345  3068.44  667.267  3071.91 6.37862 0.25 1.11544 3
665.67  3442.59  666.891  3427.45 2.55294 0.25 1.08125 3
700.17  2569.17  684.152  2555.19 10.185 0.25 1.47594 3
874.508  2677.2  850.498  2676.56 2.65925 0.25 0.0850387 3
936.994  2374.38  929.779  2404.86 10.4222 0.25 0.755783 3
1014.23  2369.39  994.324  2377.04 2.82102 0.25 0.0850387 3
1136.73  457.8  1157.76  464.725 2.93612 0.25 2.50536 3
1226.47  3382.27  1256.42  3378.81 3.30531 0.25 0.587221 3
1268.62  3293.77  1291.58  3295.35 4.41434 0.25 3.92763 3
1278.28  1800.4  1294.6  1763.11 6.58329 0.25 18.447 3
1341.51  3310.75  1320.47  3311.38 2.46788 0.25 1.57579 3
1319.24  320.742  1341.34  344.726 2.53684 0.25 0.121827 3
1376.51  621.416  1352.43  619.244 3.80418 0.25 1.17718 3
1460.58  512.922  1410.62  505.666 4.36146 0.25 5.3104 3
1510.4  627.807  1484.47  625.847 2.23166 0.25 6.30038 3
1518.39  710.461  1543.52  713.341 4.23312 0.25 3.29687 3
1581.36  670.311  1627.69  678.445 5.49609 0.25 7.22091 3
1622.05  584.788  1600.27  577.164 5.41831 0.25 0.518101 3
1636.23  782.291  1608.66  773.021 2.59034 0.25 2.42318 3
1653.26  746.632  1619.73  739.428 8.86365 0.25 7.14292 3
1665.76  3095.26  1697.39  3102.01 3.50218 0.25 4.246 3
1717.08  1050.07  1689.21  1038.76 4.76478 0.25 8.89598 3
1729.4  1021.03  1707.45  1016.76 3.89968 0.25 4.30382 3
2073.48  3038.97  2040.5  3037.42 4.16361 0.25 11.73 3
2093.07  1279.08  2107.82  1315.37 4.60258 0.25 2.85773 3
2156.51  3051.48  2138.57  3040.39 3.73816 0.25 0.489282 3
2235.25  1508.54  2234.05  1529.53 3.42435 0.25 0.926354 3
2299.82  1149.67  2311.53  1127 2.3344 0.25 7.9701 3
2331.1  1460.3  2326.08  1519.55 2.49949 0.25 4.94022 3
2394.56  3068.56  2415.54  3069.93 3.74917 0.25 4.3785 3
2451.78  1326.99  2446.24  1356.45 4.70782 0.25 4.25484 3
2447.59  3305.86  2454.8  3283.93 10.7493 0.25 0.273105 3
2532.64  1283.58  2512.16  1318.08 3.08971 0.25 1.97264 3
2545.05  55.6945  2525.96  66.3235 2.61614 0.25 0.229756 3
2740.43  1276.36  2757.86  1267.18 2.77626 0.25 0.229756 3
2911.47  3254.16  2892.49  3253.87 4.99941 0.25 1.63108 3
3100.82  2307.38  3101.92  2329.53 8.23489 0.25 0.287709 3
3104.09  389.898  3125.95  384.244 4.68998 0.25 4.13866 3
3355.28  2355.88  3282.12  2368.96 11.6298 0.25 33.3028 3
3665.33  3172.54  3660.25  3148.77 4.55434 0.25 0.273227 3
3802.39  1344.09  3775.41  1338.96 2.25483 0.25 3.25054 3
3885.32  990.387  3896.06  972.842 2.94768 0.25 1.10189 3
3927.98  1242.54  3931.41  1282.42 2.44645 0.25 1.28254 3
4164.5  23.581  4123.5  23.637 1.03141 0.25 5.9493 3
4211.57  3432.82  4229.54  3428.65 2.30024 0.25 0.741407 3
4262.33  1261.26  4275.25  1252.14 3.07649 0.25 0.608115 3
4416.05  2175.53  4414.67  2202.56 2.24797 0.25 6.04546 3
4717.5  23.5134  4574.5  23.5072 1.00278 0.25 67.9615 3
5010.53  2652.5  5009.69  2634.44 3.7709 0.25 0.444237 3
545.906  1316.71  555.494  1298.5 2.00538 0.25 0.181392 3
579.497  2911.28  565.161  2923.09 3.94907 0.25 0.930564 3
728.632  2281.54  747.706  2279.12 4.10892 0.25 0.489282 3
972.501  934.502  939.872  945.663 2.53393 0.25 0.222265 3
1037.41  2630.82  1057.35  2628.29 2.99053 0.25 8.29035 3
1139.63  2561.59  1151.65  2543.92 2.39922 0.25 0.33087 3
1270.48  2872.42  1242.81  2880.54 4.73742 0.25 0.131633 3
1313.31  3296.48  1315.65  3269.43 3.59848 0.25 6.23111 3
1367.51  3283.55  1347.52  3288.58 2.3249 0.25 0.608115 3
1440.63  609.813  1412.65  604.701 3.84985 0.25 10.0807 3
1454.3  1525.2  1448.98  1546.37 2.5879 0.25 2.97034 3
1458.27  1237.6  1479.9  1232.06 2.99809 0.25 1.46095 3
1483.06  1570.4  1478.45  1590.72 4.38518 0.25 0.33155 3
1512.45  788.163  1472.58  785.411 2.00772 0.25 2.87116 3
1510.59  1482.39  1512.91  1463.55 4.35051 0.25 7.45761 3
1526.77  2020.12  1545.31  1984.93 4.46334 0.25 7.00084 3
1550.5  853.538  1528.48  853.35 5.13641 0.25 1.81671 3
1539.46  583.679  1568.48  590.582 3.03136 0.25 1.54619 3
1596.15  293.278  1569.89  281.616 8.97835 0.25 2.15736 3
1591.97  536.657  1562.51  523.269 2.71686 0.25 0.27517 3
1607.72  1683.88  1593.54  1708.19 2.76783 0.25 0.94195 3
1628.42  1099.23  1583.42  1097.16 7.13044 0.25 1.74745 3
1608.43  776.891  1624.76  789.458 3.43802 0.25 2.45853 3
1639.32  834.548  1610.5  829.523 2.78368 0.25 1.43234 3
1633.42  891.675  1617.49  890.606 5.32375 0.25 0.121827 3
1643.35  468.181  1621.4  453.104 4.92717 0.25 0.104464 3
1648.09  1236.66  1660.4  1239.02 2.97491 0.25 0.357437 3
1682.5  1231.66  1667.5  1231.76 3.01847 0.25 0.469706 3
1717.69  872.804  1683.75  863.564 3.63334 0.25 7.59799 3
1774.63  2901.53  1770.14  2919.66 1.66031 0.25 1.13282 3
1780.8  1294.65  1763.75  1308.81 4.87672 0.25 1.74185 3
1851.19  1049.7  1875.34  1058.93 3.60076 0.25 0.391159 3
1897.5  23.6355  1861.5  23.5462 1.50992 0.25 2.939 3
1881.87  2960.16  1903.56  2929.25 5.36691 0.25 2.68572 3
1876.39  1192.27  1894.6  1194.8 2.99309 0.25 2.58984 3
1899.61  1199.84  1936.24  1206.04 5.59757 0.25 5.09132 3
2036.15  936.687  2016.69  930.871 3.4362 0.25 1.46095 3
2040.82  1206.34  2033.41  1238.01 3.3843 0.25 0.187432 3
2054.03  909.249  2062.56  948.703 8.87553 0.25 0.877662 3
2181.75  1405.44  2178.38  1448.57 4.23774 0.25 3.82976 3
2196.46  1219.69  2201.03  1269.63 4.85688 0.25 10.0148 3
2203.33  1590.47  2197.14  1625.44 3.23433 0.25 1.54719 3
2213.24  827.392  2226.26  796.398 2.24402 0.25 2.3824 3
2228.77  1297.57  2231.35  1326.51 4.44744 0.25 5.568 3
2239.16  1419.41  2236.98  1451.53 2.73675 0.25 8.34561 3
2262.83  1434.37  2259.5  1451.5 1.91721 0.25 0.913697 3
2297.75  1432.39  2295.52  1468.44 1.97479 0.25 10.7516 3
2310.73  923.333  2306.38  943.473 4.15412 0.25 0.628861 3
2319.83  1463.39  2314.88  1492.39 4.52864 0.25 3.90103 3
2355.81  1469.37  2346.39  1519.29 2.26475 0.25 17.1505 3
2398.41  1164.44  2397.21  1187.48 4.30415 0.25 4.42411 3
2411.86  1274  2425.03  1237.96 4.67818 0.25 6.12308 3
2420.57  1401.68  2415.94  1428.58 3.57025 0.25 3.46486 3
2475.09  1338.29  2458.25  1371.39 2.56671 0.25 0.519188 3
2526.5  23.5  2482.5  23.5 1 0.25 8.9596 3
2490.61  496.435  2490.32  509.451 7.60937 0.25 2.50555 3
2502.97  151.573  2504.12  128.481 2.79677 0.25 8.24852 3
2516.69  1255.58  2500.36  1296.44 2.64115 0.25 7.83053 3
2530.61  1223.71  2535.17  1199.86 3.99989 0.25 6.71174 3
2596.73  1542.26  2568.02  1588.82 5.21978 0.25 0.551702 3
2596.36  667.535  2595.13  697.444 4.28797 0.25 0.199993 3
2600.77  3204.56  2601.31  3193.49 3.28582 0.25 1.08125 3
2644.54  55.0117  2659.52  56.2002 3.90841 0.25 0.148731 3
2675.02  1459.18  2691.63  1434.25 6.93002 0.25 8.83699 3
2776.31  1278.63  2748.77  1284.72 2.36998 0.25 2.56506 3
2799.66  1284.25  2829.8  1277.94 7.21886 0.25 0.188363 3
2869.39  1355.46  2827.49  1350.55 4.49979 0.25 13.3006 3
2898.48  1322.88  2867.45  1323.8 4.06311 0.25 5.13296 3
2848.75  1369.89  2886.36  1382.89 4.25501 0.25 1.54355 3
2899.33  1337.34  2911.45  1339.76 7.12878 0.25 2.416 3
2924  3428.58  2922.37  3418.21 4.39257 0.25 0.794413 3
2955.21  3425.53  2955.58  3441.54 5.18131 0.25 2.85671 3
2969.34  2920.86  2971.94  2936.59 6.26246 0.25 2.68384 3
3029.49  2785.5  3035.91  2764.32 2.15428 0.25 1.34018 3
3114.36  2253.86  3090.37  2264.2 11.038 0.25 5.81742 3
3101.54  2182.51  3107.68  2151.74 6.57683 0.25 5.11323 3
3352.93  3412.56  3349.64  3435.52 2.72916 0.25 0.538808 3
3382.66  2822.18  3367.08  2814.35 3.32857 0.25 0.33087 3
3551.55  3392.51  3546.98  3425.29 3.54334 0.25 1.62931 3
3604.73  654.172  3615.98  627.852 2.18504 0.25 2.31446 3
3783.7  167.929  3810.44  155.375 2.32079 0.25 0.452434 3
3787.44  3127.95  3800.24  3119.65 5.54961 0.25 1.94657 3
3861.7  3095.51  3863.12  3070.53 3.09371 0.25 0.0153748 3
4266.5  23.7123  4230.5  23.4854 1.56931 0.25 4.14312 3
4286.16  1271.57  4283.16  1298.46 1.31652 0.25 0.913697 3
4316.26  1972.35  4287.8  1964.42 3.27992 0.25 1.34012 3
4309.96  942.188  4323.25  961.669 3.72524 0.25 0.222265 3
4447.43  2211.46  4437.41  2230.97 3.38038 0.25 0.94195 3
4515.77  2370.61  4522.82  2353.23 2.4855 0.25 0.249886 3
4695.36  1584.83  4671.16  1589.86 7.9109 0.25 6.20584 3
5036.18  2817.6  5016.52  2824.56 6.43436 0.25 0.616971 3
149.404  1229.78  167.62  1236.16 2.04085 0.25 3.86652 3
241.226  1362.92  216.99  1374.43 5.53896 0.25 3.81479 3
464.48  867.492  471.468  850.086 4.4544 0.25 1.01314 3
516.694  1267.38  541.956  1245.86 4.36439 0.25 2.91206 3
1277.24  1788.64  1273.63  1807.71 3.18728 0.25 2.72986 3
1338.34  1021.83  1371.07  1013.84 5.52377 0.25 1.01722 3
1364.39  3244.98  1360.99  3232.64 4.51871 0.25 0.66181 3
1426.27  525.365  1390.41  515.824 7.86464 0.25 1.10522 3
1400.64  609.616  1426.47  613.671 2.35919 0.25 6.37147 3
1452.44  945.344  1428.55  943.729 1.92346 0.25 5.58609 3
1464.2  668.78  1496.69  665.222 3.20233 0.25 5.3833 3
1538.29  1010.43  1506.58  1003.17 4.36735 0.25 3.8436 3
1577.5  857.47  1556.51  857.025 2.99933 0.25 2.72986 3
1554.49  1191.43  1582.47  1188.26 5.96178 0.25 0.534319 3
1624.53  1022.53  1594.5  1023.32 1.8939 0.25 8.85485 3
1775.81  480.462  1779.25  508.653 2.62213 0.25 2.42318 3
1920.5  1043.37  1890.52  1042.67 1.85773 0.25 5.2856 3
1940.66  1043.98  1921.56  1046.08 2.93015 0.25 1.51998 3
2049.79  869.599  2055.1  907.833 3.36216 0.25 4.9236 3
2102.42  1430.89  2106.86  1454.43 2.24681 0.25 4.08596 3
2248.79  1351.09  2257.39  1317.47 3.78649 0.25 2.24368 3
2258.06  1543.68  2263.39  1498.6 5.59966 0.25 0.15148 3
2274.47  1174.61  2270.14  1211.81 3.20209 0.25 9.66014 3
2279.14  1237.56  2277.21  1258.47 2.54242 0.25 2.76946 3
2343.98  1192.36  2338.45  1212.49 2.01883 0.25 5.64154 3
2343.06  1471.39  2356.98  1413.38 1.93447 0.25 12.0087 3
2391.95  1352.32  2405.4  1310.15 3.23084 0.25 8.15845 3
2433.17  1253.78  2422.44  1279.48 3.69107 0.25 1.90528 3
2439.9  1688.51  2439.82  1673.5 5.04751 0.25 0.94195 3
2490.8  1220.3  2497.24  1197.71 2.34678 0.25 0.855891 3
2560.64  3360.08  2554.28  3342.84 4.26856 0.25 1.41797 3
2869.31  1312.65  2821.76  1308.5 4.04965 0.25 6.37188 3
2983.79  2176.44  2985.48  2157.41 2.71935 0.25 1.68628 3
3009.44  1340.13  3031.47  1336.32 1.99137 0.25 3.36627 3
3030.88  2567.42  3029.63  2545.38 8.87264 0.25 2.32692 3
3117.46  2200.51  3117.76  2180.5 9.18299 0.25 3.86718 3
3201.25  2704.58  3197.72  2735.86 3.34979 0.25 0.0191291 3
3608.46  988.64  3624.48  987.966 2.20761 0.25 0.357437 3
3689.48  2062.31  3665.52  2064.72 1.98709 0.25 0.249886 3
4157.61  2071.22  4138.61  2074.18 4.32403 0.25 1.45283 3
4186.54  984.728  4161.56  983.405 2.44812 0.25 2.63924 3
4389.61  2822.15  4368.44  2815.7 2.65609 0.25 0.66181 3
4956.85  1821.53  4955.3  1837.58 1.9567 0.25 1.13282 3
408.939  3035.22  401.173  3029.21 4.36593 0.25 1.30242 3
1468.62  350.156  1490.44  357.687 3.03444 0.25 0.9425 3
1521.88  1606.76  1546.33  1560.41 5.87863 0.25 0.990305 3
1730.26  1144.67  1740.11  1158.77 2.98547 0.25 1.68628 3
1816.16  917.473  1842.96  934.784 4.02678 0.25 4.77251 3
2040.69  812.478  2040.24  849.497 4.49942 0.25 0.783041 3
2171.78  847.74  2162.98  894.59 3.95561 0.25 4.95634 3
2278.2  1598.41  2264.55  1643.52 1.52349 0.25 0.444599 3
2318.95  1415.57  2324.54  1379.66 4.39431 0.25 9.11358 3
2322.47  1342.94  2335.14  1297.12 4.34485 0.25 5.59756 3
2417.22  1600.67  2421.35  1582.93 3.82839 0.25 4.10085 3
2448.82  1228.69  2433.9  1253.74 4.13167 0.25 6.59523 3
2477.3  1283.69  2481.26  1266.68 3.19073 0.25 3.12667 3
2504.68  1378.58  2515.23  1355.91 2.82958 0.25 1.92793 3
2554.36  1407.83  2541.9  1440.04 4.57325 0.25 2.94152 3
2666.88  1563.08  2683.21  1538.98 5.37352 0.25 3.51643 3
2789.2  2708.55  2786.4  2690.67 3.63041 0.25 1.49861 3
2968.51  1486.49  2986.09  1501 3.16949 0.25 0.444599 3
3018.5  2987.5  3038.27  2968.26 1.97904 0.25 0.855891 3
3511.23  2467.99  3527.93  2459.32 2.58407 0.25 1.14654 3
3526.62  1270.57  3548.57  1268.08 2.25555 0.25 0.0710487 3
4238.63  1254.69  4254.57  1243.59 1.78406 0.25 0.913697 3
463.5  23.4586  423.5  23.6078 1.01864 0.25 5.34724 3
2429.8  1411.68  2446.66  1376.58 2.22164 0.25 3.34697 3
2524.79  1445.66  2515.41  1462.45 2.28716 0.25 0.469706 3
3348.14  3401.47  3349.89  3383.54 3.28329 0.25 1.26909 3
3752.74  1315.09  3790.36  1318.85 4.87668 0.25 18.4044 3
1323.34  1347.29  1353.54  1345.09 4.69718 0.25 1.13792 3
1402.42  629.075  1376.62  625.62 3.62881 0.25 0.453772 3
1525.56  974.284  1479.88  962.085 3.48897 0.25 2.87619 3
1542.46  886.838  1509.53  883.186 2.52155 0.25 2.39642 3
1604.92  1079.72  1629.28  1071.81 3.42203 0.25 2.87085 3
1708.08  780.02  1682.37  772.965 2.5344 0.25 1.49861 3
1875.25  1044.1  1853.68  1035.06 2.75101 0.25 1.54869 3
1965.34  2928.4  1961.52  2897.75 5.68593 0.25 7.30132 3
2154.91  1505.48  2155.65  1524.46 2.61477 0.25 4.68697 3
2172.82  1370.51  2173.96  1342.52 3.8743 0.25 0.187432 3
2255.03  1309.58  2252.23  1293.55 2.95532 0.25 0.0710487 3
2612.68  1580.54  2618.42  1557.48 2.64537 0.25 1.04291 3
2957.73  1525.66  2974.03  1530.18 2.62044 0.25 0.741407 3
3196.79  3422.47  3198.03  3434.55 4.26974 0.25 0.987047 3
3484.29  1770.79  3511.55  1775.18 3.0498 0.25 0.586793 3
2007.2  1148.51  2006.53  1132.5 2.82866 0.25 3.36627 3
2429.83  1737.53  2426.66  1769.52 1.89153 0.25 1.6928 3
22.0132  392.5  22.0357  2458.5 6.02109 0.25 3399.1 3
3178.59  1679.74  3273.29  2065.55 17.5729 0.25 878.411 3
22.6995  2482.5  22.6905  2799.5 3.00559 0.25 350.126 3
2967.13  2929.78  2935.19  2920.57 7.99728 0.25 26.4996 3
5162.5  20.5073  20.5  20.712 4.19215 0.25 12998.8 3
1879.73  1170.88  1794.75  1185 8.71924 0.25 20.9548 3
461.687  3079.08  439.998  3069.39 8.45244 0.25 36.2551 3
4101.64  2945.18  4117.6  2953.34 10.2246 0.25 26.0645 3
20.6364  2466.5  20.53  3454.5 5.04428 0.25 2796.98 3
22.585  2344.5  23.1925  3203.5 6.00707 0.25 544 3
1753.63  1008.2  1846.47  1088.54 5.49793 0.25 2.68676 3
1518.29  1508.89  1498.65  1579.99 7.45232 0.25 35.4236 3
18.9233  273.5  19.7468  2391.5 2.79858 0.25 3234 3
880.561  48.9917  929.246  28.2514 8.36666 0.25 0.221346 3
1654.82  3083.18  1622.92  3087.01 7.98383 0.25 18.6843 3
518.467  2482.13  576.982  2476.9 9.8253 0.25 18.466 3
2693  836.576  3389.74  425.219 39.3394 0.25 637.955 3
2823.53  1359.25  2888.54  1360.75 8.03027 0.25 50.3551 3
89.1299  3223.59  26.8619  3236.28 10.9782 0.25 39.7192 3
1896.8  1228.94  1868.31  1248.22 14.396 0.25 0.227435 3
2774.67  1258.87  2839.77  1238.2 10.4993 0.25 62.424 3
1774.58  1311.58  1852.46  1284.39 15.0457 0.25 14.8449 3
3825.58  365.36  3933.46  418.558 19.7189 0.25 21.4078 3
4530.5  23.73  679.5  23.7798 3.02609 0.25 1347.77 3
5130.94  3230.46  3333.43  2188.34 12.3411 0.25 534.709 3
