2118.47  1102.59  2393.32  1193.07 8.61393 0.25 313.343
1528.48  1532.6  1373.12  1573.24 10.9 0.25 134.655
1545.21  1329.85  1780.26  1159.17 8.06156 0.25 358.826
2084.94  1132.01  2115.4  1105.38 3.94914 0.125 55.667
2064.11  1148.23  2082.09  1133.21 4.21906 0.125 4.03678
2672.4  766.134  2493.21  811.367 10.1655 0.25 34.6352
1601.29  1556.9  1536.54  1537.36 10.9802 0.25 37.3432
2702.63  773.275  2678.48  770.648 2.78658 0.25 14.6898
2734.01  796.889  2704.54  786.402 5.31747 0.25 0.339191
2503.59  978.493  2576.53  975.21 3.91597 0.25 5.97983
2335.37  1237.89  2058.82  1149.39 9.94314 0.25 752.86
2285.6  1293.35  1984.4  1472.34 8.2782 0.25 161.467
2792.06  1788.97  2645.36  1827.11 9.9049 0.25 0.03707
1973.12  1467.06  1659.88  1390.95 8.04644 0.25 390.536
1952.67  1191.9  2282.99  1288.82 4.16615 0.25 206.578
1665.86  1387.03  1944.87  1199.05 5.3408 0.25 56.304
1327.09  1389.27  1878.43  969.403 9.30156 0.25 176.622
2616.69  1196.02  2591.6  1186.23 1.9997 0.125 4.05014
1997.89  958.435  2290.35  1065.9 6.12063 0.25 53.8886
2289.38  1067.82  1948.86  945.497 3.93886 0.25 118.004
1882.73  971.116  1358.75  1370.14 5.535 0.25 176.716
1448.59  1313.62  1380.33  1364.61 1.99805 0.25 14.5249
1020.31  1858.82  255.184  1746.66 4.98822 0.03125 550.331
2076.52  1144.43  2343.26  1230.25 4.22151 0.25 244.26
1780.35  1158.86  1850.59  1187.71 4.80771 0.25 13.9799
1597.82  1349.95  1828.68  1186.76 4.33275 0.25 274.26
1721.94  1278.14  1611.85  1354.01 6.14491 0.25 126.419
1576.28  1348.67  1534.28  1330.68 8.80006 0.25 6.90537
2325.06  1328.98  2366.35  1336.33 4.54667 0.25 4.97816
2754.85  871.682  2758.5  824.577 7.12724 0.25 12.0434
2031.55  1471.58  2342.16  1288.91 3.88866 0.25 494.985
2761.14  1853.11  2811.72  1833.05 6.71558 0.25 6.75396
1954.14  1152.24  2010.58  1168.23 4.47419 0.25 14.394
1947.05  1158.4  1634.36  1374.3 5.29072 0.25 159.152
2012.4  1168.83  2306.59  1261.21 5.51674 0.25 63.191
2807.96  1438.39  2440.63  1617.76 4.52795 0.25 301.195
1882.49  1470.55  1973.5  1492.51 2.24219 0.25 56.8813
1598.41  1403.9  1727.63  1433.96 3.26102 0.25 104.029
2403.58  1184.57  2443.33  1138.21 2.38336 0.125 4.24811
2711.3  1498.08  2762.87  1473.19 3.75988 0.25 12.2669
1347.71  1376.78  1330.74  1389.48 2.80448 0.0625 4.73444
66.1176  0.35128  0.817902  168.235 4.75577 0.25 44.7872
2256.28  1172.17  2106.6  1122.21 3.51313 0.25 4.47546
700.435  1197.77  1281.91  1340.89 4.26887 0.25 236.508
1339.69  1357.72  746.23  1212.6 3.58141 0.25 334.437
2420.07  1627.74  2014.23  1813.9 4.01735 0.25 220.347
1697.22  1.38549  661.484  1190.49 5.31029 0.25 828.303
1859.97  955.153  27.1575  313.621 5.16996 0.25 437.167
2802.92  319.736  2706.82  392.92 4.63186 0.25 97.9672
2663.12  426.993  2001.93  928.072 5.68815 0.25 507.539
365.936  1520.75  1690.48  2.48258 7.37447 0.25 457.045
7.79849  303.648  1849.78  948.696 8.21 0.25 96.3156
2291.18  703.427  2318.47  683.457 4.42799 0.25 18.0675
1983.1  937.611  2812.69  307.064 7.49219 0.25 377.438
2088.24  1465.79  2323.41  1330.34 5.76028 0.25 191.274
2359.49  1284.2  2054.42  1462.36 7.81362 0.25 187.777
1124.64  1571.07  1141.18  1559.06 3.82457 0.25 4.16796
811.799  1796.3  1336.05  1418.87 4.16594 0.25 385.129
1850.2  1185.17  1606  1353.32 9.8354 0.25 428.346
1916.01  1550.44  1389.77  1835.99 4.4801 0.25 200.728
2328.59  1270.21  1955.62  1155.83 7.04863 0.25 167.767
0.178555  1019.77  645.515  1183.44 3.913 0.25 262.739
2297.58  1394.65  2589.19  1227.97 5.8229 0.0625 176.736
2047.56  1532.62  2133.33  1486.18 1.77065 0.0625 30.1664
1819.09  1184.52  1576.04  1357.45 9.6209 0.25 526.23
2804.87  462.878  2522.86  295.892 4.92407 0.0625 249.709
2094.63  45.2742  2025.83  5.92683 2.96439 0.0625 23.9013
1736.91  1424.65  1787.62  1435.95 3.71272 0.25 19.6923
1923.35  1218.04  2248.3  1311.18 3.31621 0.25 207.772
1935.26  1209.33  2260.24  1303.39 3.03881 0.25 240.004
1945.33  1200.09  2274.33  1296.09 3.22706 0.25 220.262
1898.71  1234.75  2222.62  1326.08 2.89982 0.25 261.404
2375.84  1337.26  2360.45  1345.42 3.69247 0.0625 20.9194
1909.37  1225.96  2236.38  1318.9 3.24885 0.25 200.157
1878.71  1499.48  1864.69  1496.58 3.67924 0.0625 1.88868
2307.55  1261.35  2359.44  1278.69 4.0976 0.25 3.82654
1886.38  1242.93  2209.8  1333.42 3.07208 0.25 218.102
1873.41  1250.84  2198.35  1341.03 3.02775 0.25 219.412
1849.38  1266.92  2172.84  1355.24 3.29443 0.25 173.872
1864.43  1259.74  2185.85  1348.23 2.92652 0.25 233.546
1740.81  1345.28  2053.91  1424.89 3.67617 0.25 129.616
1729.48  1352.57  2044.62  1432.02 3.5834 0.25 138.269
1838.59  1275.16  2160.55  1362.33 3.23175 0.25 172.99
1757.37  1329.02  2077.79  1411.35 3.58021 0.25 139.072
1718.44  1359.73  2031.8  1438.29 3.31423 0.25 165.858
2572.73  1168.87  2486.43  1137.69 3.15498 0.25 18.8107
1827.32  1283.18  2147.82  1369.3 3.42591 0.25 151.242
2000.29  928.219  1970.57  950.243 3.54302 0.25 27.4859
1794.37  1306.99  2113.92  1390.92 3.36064 0.25 154.122
2278.14  1292.75  1950.46  1197.62 5.49082 0.25 387.785
1748.61  1337.08  2065.86  1418.09 3.67014 0.25 135.52
1820.56  1292.28  2136.49  1376.53 3.35087 0.25 166.869
1803.41  1298.83  2066.67  1367.86 2.89511 0.25 168.73
1769.43  1321.78  2090.45  1404.7 3.55432 0.25 140.345
2239.05  1314.56  1914.35  1223.03 7.24919 0.25 243.498
2252.71  1307.28  1926.79  1214.5 8.28516 0.25 281.136
2265.25  1299.92  1939.06  1204.57 7.73854 0.25 357.518
2053.21  1462.73  1995.72  1495.88 3.59794 0.25 45.9908
1684.65  1380.88  2000.52  1458.42 3.41134 0.25 146.029
1783.41  1314.84  2100.77  1397.45 3.52456 0.25 138.963
1707.39  1366.96  2020.42  1444.81 3.38773 0.25 158.738
1694.47  1373.6  2010.7  1451.7 3.46821 0.25 152.117
2214.67  1329.49  1889.43  1238.76 7.31097 0.25 348.077
2226.84  1322.3  1902.33  1231.11 7.01108 0.25 270.631
2572.48  1165.46  2597.48  1152.45 4.18926 0.25 34.9878
1676.51  1388.45  1987.78  1464.37 3.4815 0.25 138.733
2068.44  1368.73  2124.35  1384.06 2.59248 0.25 37.7986
2105.77  1488.4  2085.61  1472.13 4.3688 0.25 6.74118
2812.95  1797.96  2794.36  1795.57 6.94299 0.25 5.56404
1624.7  1448.09  1616.59  1464.05 2.63133 0.0625 1.88383
2202.97  1336.78  1877.26  1247.39 7.228 0.25 289.922
2190.2  1343.97  1865.03  1254.56 6.95585 0.25 308.011
2048.28  1428.36  1728.25  1347.51 5.66421 0.25 286.88
2036.66  1434.88  1717.72  1354.64 5.76861 0.25 289.35
2082.14  1406.99  1760.88  1325.03 6.66634 0.25 264.204
1369.21  1585.39  1361.9  1604.9 6.43696 0.25 8.11357
2446.19  1136.37  2567.47  1179.58 2.0415 0.25 125.4
2177.53  1350.38  1852.96  1262.8 7.62593 0.25 301.341
2599  1151.34  2813.6  1024.67 5.01691 0.25 105.832
2165.31  1357.46  1841.4  1270.88 7.15763 0.25 271.613
2153.05  1366.04  2057.47  1338.16 6.55813 0.25 42.048
2071.06  1414.23  1751.14  1332.93 6.46673 0.25 275.046
2087.54  1475.48  2067.51  1475.1 4.11278 0.125 14.4707
2095.01  1400.39  1772.8  1317.32 5.8158 0.25 195.737
2141.2  1371.87  1817.21  1285.84 6.63674 0.25 207.439
2054.76  1336.49  1828.83  1279.18 7.53316 0.25 117.498
2442.96  1143.81  2430.42  1162.45 3.31828 0.0625 11.0528
1992.73  1460.58  1675.45  1382.69 5.42569 0.25 153.013
2003.06  1454.23  1684.64  1375.92 5.43078 0.25 218.567
1958.14  1432.98  1694.69  1369.7 5.86636 0.25 180.105
2106.37  1393.01  1785.3  1310.26 6.68865 0.25 207.333
2117.28  1385.35  1794.9  1301.95 6.70898 0.25 173.318
2129.2  1378.86  1807.37  1294 6.22609 0.25 147.413
2014.58  1448.2  1960.52  1433.41 5.11384 0.25 32.9357
1985.97  1497.21  2030.29  1473.12 4.52795 0.25 7.40286
1851.55  949.35  1886.15  961.494 3.49308 0.25 7.88485
2744.61  882.623  2752.74  865.075 5.15599 0.25 0.944559
2752.88  788.98  2704.79  768.818 6.48804 0.25 20.9128
1480.51  1535.42  1561.49  1534.39 3.91088 0.25 49.6027
2690.49  783.614  2655.38  781.373 5.98782 0.25 10.6853
1284.26  1341.54  1347.56  1356.26 4.05799 0.25 9.86927
2430.3  863.728  2406.81  900.342 7.32014 0.25 14.8505
2620.18  768.244  2549.41  786.158 2.79651 0.25 8.91291
1055.52  1646.41  1253.51  1682.46 2.42501 0.25 68.1782
134.321  1057.19  44.4156  1033.82 3.2862 0.25 25.892
740.457  1209.68  697.533  1199.36 2.33705 0.25 20.6266
2779.64  840.453  2778.93  823.482 3.12232 0.0625 9.13115
1387.67  1835.82  1325.24  1869.02 2.761 0.25 29.5713
562.536  1556.31  655.493  1573.54 2.25904 0.25 28.851
907.811  1731.53  786.244  1817.55 3.28953 0.25 60.4499
2649.29  1827.11  2666.17  1817.9 2.23465 0.125 3.23508
642.958  1209.02  206.834  1706.79 4.38238 0.25 183.338
2359.4  1346.32  2107.7  1488.85 6.41867 0.25 183.114
1337.72  1421.81  909.115  1731.35 4.09723 0.25 289.592
1462.52  1443.39  1614.34  1478.2 3.29016 0.0625 202.234
877.057  937.114  1262.52  495.519 2.06857 0.25 216.404
2800.58  1036.64  2574.52  1170.23 4.96488 0.25 236.375
2441.12  1613.78  2813.63  1431.78 4.75308 0.25 166.755
2450.44  847.438  2427.87  869.865 4.28916 0.25 14.7128
702.545  1810.18  1056.51  1859.42 3.27223 0.25 189.656
656.562  1189.26  135.421  1057.81 3.7706 0.25 174.394
412.384  1528.12  1014.31  1639.55 3.64397 0.25 181.115
2025.12  1441.04  1706.64  1361.94 6.15162 0.25 283.344
2594.39  1191.82  2444.54  1138.39 3.3422 0.25 96.1651
2377.47  1870.42  2746.66  1717.88 2.87354 0.25 255.161
1781.2  1450.57  1594.93  1405.88 5.92809 0.25 148.564
1992.57  1500.43  1804.57  1456.21 6.75233 0.25 81.7497
2803.54  1697.31  2599.64  1652.86 3.41825 0.25 57.5073
0.633678  1699.71  171.622  1728.78 4.00271 0.25 85.1493
0.428142  1445.86  347.58  1515.1 3.75419 0.25 84.8071
194.063  1716.12  349.683  1537.79 3.52193 0.25 0.959534
2418.37  1612.06  2060.37  1529.05 2.72487 0.25 97.5235
1847.37  1011.33  1752.86  1084.96 1.58183 0.25 27.6691
2533.5  990.554  2554.44  988.768 1.7 0.0625 2.27781
2471.51  970.45  2507.39  978.02 2.62156 0.25 12.1955
1823.23  1454  1836.22  1446.98 2.30821 0.125 0.197143
2448.35  958.807  2471.19  970.13 2.749 0.25 6.30186
2437.93  949.019  2448.02  958.041 2.98124 0.0625 17.8085
327.378  1756.28  292.45  1750.82 2.86983 0.25 15.3975
1579.93  1360.28  1597.51  1350.51 1.70556 0.125 0.827677
1394.17  1578.35  1383.53  1590.66 3.32991 0.125 11.4348
1809.18  1250.43  1817.92  1244.07 2.57378 0.0625 1.554
1364.36  1363.09  1340.5  1357.5 2.47974 0.25 2.60131
1859.25  1453.54  1880.47  1458.63 3.18957 0.25 3.87434
2471.59  846.59  2446.51  871.501 2.8861 0.25 10.9183
450.665  1775.35  427.428  1772 2.54074 0.25 11.2435
923.604  1843.7  888.548  1839.13 2.45766 0.25 16.9065
1080.41  706.417  1092.2  694.213 2.25527 0.0625 7.01839
858.576  1834.96  833.654  1831.42 2.83758 0.25 10.2581
173.633  1731.7  130.334  1724.5 2.79025 0.25 26.1906
1491.55  1637.11  1511.57  1635.34 2.2815 0.03125 17.778
2501.92  825.676  2471.9  846.635 3.21937 0.25 14.7827
1939.63  1158.92  1956.06  1154.02 3.46257 0.0625 9.59945
389.574  1766.01  374.463  1763.74 2.71789 0.25 3.54403
368.585  1762.96  357.391  1761.19 1.88414 0.125 2.02174
1909.55  1478.28  1970.56  1493.26 1.66908 0.25 41.2697
1125.36  1871.5  1021.38  1857.39 2.38545 0.25 57.3141
1611.25  1569.81  1597.39  1558.41 3.26135 0.25 0.371897
2012.46  1217.65  1973.57  1206.25 1.00887 0.25 7.44028
36.6196  1708.63  24.5725  1706.97 2.6629 0.125 1.64689
1872.87  1468.6  1882.5  1471.5 2.34631 0.125 0.715316
1408.03  1569.77  1394.49  1578.49 2.70857 0.25 2.15123
971.646  1850.4  943.481  1846.64 2.31501 0.25 14.6275
2074.43  1235.75  2014.56  1218.3 1.08663 0.25 23.0938
1877.43  1462.31  1869.15  1465.62 3.69849 0.125 0.197143
1728.25  1434.57  1745.71  1438.6 2.32448 0.125 4.02669
1990.46  1258.64  1917.6  1238.13 1.11208 0.25 28.2268
1962.32  1834.09  2004.53  1815.56 1.6077 0.25 10.5971
2341.96  1289.74  2351.93  1282.69 4.27774 0.25 1.80684
1976.6  1270.14  1930.55  1257.31 1.56268 0.25 16.6958
1887.35  964.942  1860.4  955.796 2.53662 0.25 2.21479
1525.61  1541.63  1509.37  1543.18 5.35921 0.25 20.7375
1985.33  1471.62  1973.27  1466.29 8.3184 0.25 9.4058
1871.58  1282.2  1837.6  1273.13 1.60978 0.25 10.5657
1971.48  1493.62  1985.56  1496.14 2.49678 0.125 6.54076
2054.47  1291.6  2007.45  1278.67 1.85494 0.25 9.13807
2814.75  1027.89  2800.9  1036.55 3.60617 0.25 2.60131
1967.84  948.61  1979.21  940.118 2.71017 0.125 1.66086
1849.4  1308.87  1802.47  1296.63 1.68274 0.25 11.8551
1965.6  1244.15  1932.5  1234.5 1.59943 0.25 5.47823
1566.15  1736.82  1594.3  1723.08 3.26249 0.25 5.20784
2566.77  1179.79  2598.44  1191.66 1.87936 0.25 8.53538
1769.41  1360.87  1724.23  1349.57 1.94025 0.25 17.4522
2042.37  1265.96  2012.59  1257.21 1.75138 0.25 2.34112
2667.56  1504.62  2700.43  1488.35 1 0.25 1.41968
137.395  1055.91  168.417  1063.83 1.21622 0.25 4.15338
1593.92  1399.12  1612.48  1386.47 1.51638 0.125 2.46873
1595.75  1546.37  1560.49  1538.54 2.82102 0.25 19.3744
2072.57  1473.64  2087.94  1465.45 3.47014 0.0625 4.73444
2074.33  1275.07  2044.53  1266.4 2.23291 0.25 2.28804
1805.64  1318.94  1785.21  1313.61 1.93527 0.0625 8.55896
1382.72  358.695  1406.42  331.434 1.34603 0.25 0.894973
1208.11  559.159  1242.12  520.167 2.03445 0.25 18.544
1847.45  1297.69  1814.61  1289.09 1.42867 0.25 5.94881
1928.44  1256.72  1894.52  1247.42 1.58561 0.25 6.32606
1607.14  1357.66  1596.67  1354.02 7.02122 0.25 0.307486
2815.63  309.973  2803.27  319.497 4.68965 0.125 4.65142
1734.45  1381.7  1695.55  1372.3 1 0.25 6.23616
1923.62  1228.12  1909.74  1223.75 2.25984 0.125 3.10795
803.644  1827.23  783.451  1824.93 2.30205 0.0625 0.617017
2409.16  1181.21  2436.22  1150.12 3.64552 0.25 27.6198
1906.95  950.756  1887.38  965.332 3.20804 0.25 3.64841
1917.32  961.642  1933.43  958.173 2.02971 0.125 0.827677
1626.65  1562.25  1601.84  1547.92 3.5013 0.25 5.14494
2336.38  1244.32  2321.16  1253.96 2.67448 0.125 3.97834
2512.44  979.897  2482.38  975.299 1.61562 0.0625 7.31504
1753.43  1366.77  1718.56  1358.27 1.25855 0.25 7.70551
2102.44  1282.73  2083.48  1277.59 1.75022 0.125 1.64689
2350.95  1278.13  2328.73  1270.8 3.18293 0.125 9.42804
2781.95  1706.12  2767.95  1711.64 3.35393 0.125 8.02419
2055.53  1792.56  2088.57  1777.65 1 0.25 3.82792
2618.62  1186.16  2594.45  1177.65 2.49714 0.25 0.785362
1379.76  1578.92  1369.07  1585.43 5.97696 0.25 11.1382
1819.45  1332.68  1777.36  1322.06 1.22343 0.25 11.1358
1740.44  1392.74  1697.55  1382.3 1.07395 0.25 10.4506
1854.4  1371.89  1827.55  1365.3 1.26304 0.25 0.610964
746.188  1213.11  732.538  1228.53 2.33274 0.25 4.97383
1823.52  1306.42  1795.82  1300.09 2.7557 0.125 2.94347
1593.58  1459.07  1611.3  1462.53 2.77684 0.125 8.6579
1367.19  1582.13  1384.04  1567.95 3.86224 0.25 1.79704
251.389  1085.07  266.588  1088.05 1.94365 0.125 1.5122
2400.64  1188.66  2408.03  1181.98 3.6384 0.125 2.62597
2716.71  776.656  2697.41  771.854 3.15721 0.25 5.92887
1460.52  1539.74  1480.42  1537.68 4.35729 0.25 3.15771
1795.72  1052.77  1769.41  1073.39 1.19224 0.125 3.61584
1923.35  1403.16  1897.32  1397.3 2.70732 0.125 0.58712
2723.04  414.202  2714.71  408.698 3.14272 0.125 2.23847
2367.86  1220.16  2359.94  1224.47 4.52647 0.125 1.13514
2661.65  1829.92  2643.76  1836.25 4.55446 0.25 7.67924
2322.58  1226.26  2306.38  1220.86 1.71362 0.125 3.16802
1164.64  1666.8  1189.45  1671.76 1.96225 0.125 3.48189
1687.61  1388.93  1671.45  1385.74 1.84981 0.125 0.682499
2542.5  979.5  2513.5  979.5 1 0.25 0.215561
2796.88  1694.56  2813.51  1688.54 2.59632 0.125 2.17148
2144.67  1355.86  2120.48  1349.58 1.68466 0.125 4.61386
1633.92  1374.09  1597.25  1400.15 2.46718 0.25 5.37839
2072.07  1519.68  2093.04  1508.62 1.55604 0.125 1.81351
2736.52  890.516  2744.51  882.511 3.53804 0.125 6.61212
1542.94  1243.78  1529.32  1254.26 2.62211 0.125 4.25609
2555.61  800.864  2545.31  803.845 3.43793 0.0625 0.43852
2646.53  781.762  2615.45  784.967 2.43105 0.25 6.97436
2000.64  1457  1977.44  1450.7 1.16847 0.125 0.528389
2761.07  1714.51  2740.82  1723.25 3.54695 0.25 1.24673
1449.43  1314.4  1426.29  1331.21 1.77395 0.125 0.646137
2725.76  797.913  2703.33  787.869 2.64277 0.25 7.00536
1614.57  1478.25  1635.55  1484.34 2.19942 0.125 0.330545
2318.48  175.534  2300.11  165.392 2.44386 0.125 3.76273
2508.3  1156.05  2478.52  1145.44 1.05993 0.125 3.95521
2029.97  1541.45  2045.62  1533.74 1.72329 0.125 0.0112594
2414.69  1857.96  2396.09  1865.48 2.78141 0.125 0.185258
2747.46  1717.41  2771.6  1706.72 1.84341 0.125 4.75121
2377.24  1204.64  2360.53  1215.54 2.82374 0.25 2.8767
2578.45  985.257  2593.63  982.12 2.26823 0.125 0.634855
2145.56  1159.32  2185.37  1171.92 1.71489 0.125 5.02065
1713.65  1489.73  1693.45  1485.73 1.46201 0.125 0.577855
208.496  1735.53  705.571  1811.03 2.78889 0.25 504.88
1327.19  1865.78  1901.77  1555 4.83306 0.25 216.943
1198.33  1675.44  410.439  1530.83 3.29577 0.25 197.069
2059.15  1420.94  1738.8  1340.3 6.39635 0.25 342.613
2814.73  1293.87  2618.23  1223.27 3.75633 0.25 164.007
2010.79  1812.14  2419.5  1624.5 3.92102 0.25 230.068
1664  1351.21  1939.49  1159.48 3.71337 0.25 187.658
1753.26  1085.19  1449.77  1313.86 3.26129 0.25 230.254
2351.08  1222.7  2089.47  1138.49 7.97229 0.25 99.9924
1844.43  1519.8  1587.48  1460.61 3.2408 0.0625 92.5755
1991.83  1823.24  1883.87  1871.34 2.5598 0.25 92.013
319.558  1512.21  0.423802  1447.88 2.43233 0.25 99.8306
1809.83  1202.97  1603.68  1348.76 2.04422 0.25 80.2987
409.544  1767.21  592.436  1794.92 1.29058 0.25 105.381
1524.55  1261.56  1750.62  1090.65 2.70003 0.25 99.2386
2603.67  1240.01  2814.74  1314.83 3.87398 0.25 72.3776
1648.29  1440.4  1903.42  1500.82 4.49697 0.25 81.1993
1958.38  1805.23  1589.39  1742.17 2.83871 0.25 69.1009
2264.51  726.518  2489.44  555.426 1.67252 0.25 150.628
126.271  1.40754  12.3832  283.453 3.44743 0.25 58.4772
254.548  1745.21  0.334335  1702.49 2.81919 0.25 195.396
2176.51  1292.47  1917.75  1218.63 2.06655 0.25 130.973
925.5  1254.5  1092.49  1295.52 2.0622 0.25 108.052
2427.58  1168.59  2364.61  1221.99 8.25584 0.0625 80.3681
1752.66  1088.71  1854.96  1009.1 2.31428 0.25 42.8297
1610.53  1714.56  1724.59  1652.66 1.46019 0.25 50.283
1881.42  1327.8  1792.47  1304.61 2.06805 0.25 39.8222
947.528  1700.54  1203.35  1516.29 1.44547 0.25 134.838
720.498  1815.51  662.402  1807.19 3.12313 0.25 32.0651
2042.45  1261.68  1928.53  1229.38 1.09118 0.25 59.2174
2767.71  1712  2507.08  1820.5 2.98326 0.25 133.559
1746.59  1438.14  1872.74  1468.5 4.59083 0.25 22.0133
1883.67  1868.88  1999.53  1816.56 4.5569 0.25 29.3603
2166.45  1256.68  1956.3  1195.17 1.94264 0.25 87.4924
2660.73  1235.85  2814.65  1291.07 2.76597 0.25 35.8104
1394.95  1357.11  1476.05  1297.24 2.4355 0.25 28.3251
2494.72  815.322  2461.46  837.447 7.47358 0.25 32.5993
1559.49  1736.56  1199.39  1675.17 2.34012 0.0625 79.4707
1466.33  1541.89  1405.34  1558.94 3.57104 0.25 36.2928
1297.49  456.491  1363.61  380.597 1.50796 0.25 38.3387
2607.58  775.824  2555.4  789.105 3.99852 0.25 38.738
2581.62  972.921  2629.83  959.694 2.85878 0.25 19.5128
1411.28  1553.74  1461.37  1539.07 3.90645 0.25 30.0831
2609.82  1217.55  2706.25  1250.24 3.77179 0.25 16.4069
315.41  1100.85  495.419  1146.82 2.88602 0.25 67.6227
696.958  1144.9  1003.79  793.754 2.87249 0.25 220.922
1554.66  1535.61  1596.76  1543.05 3.81765 0.125 15.0718
2753.79  819.186  2730.77  798.11 6.69954 0.25 24.7826
1919.45  1305.69  1848.59  1287.16 1.25135 0.25 28.0166
770.567  1216.23  890.427  1245.8 1.0741 0.25 47.1949
2288.33  1215.04  2117.35  1159.95 1.83135 0.25 52.4605
1104.94  678.017  1152.19  623.229 2.88191 0.125 35.9625
2544.74  803.975  2501.88  825.272 4.52202 0.125 29.6917
2108.38  1019.83  2026.57  990.318 1.92834 0.125 27.6502
1384.58  1567.67  1415.26  1553 2.62771 0.25 16.9065
1919.43  1261.74  1872.74  1248.65 2.04243 0.25 19.0121
2033.63  991.131  2101.55  1015.35 1.88386 0.125 21.463
1700.16  64.201  1577.16  203.084 2.44017 0.125 41.7396
1005  792.054  1035.09  758.133 1.83425 0.0625 14.8413
2556.59  1643.08  2500.47  1630.63 2.29291 0.125 12.5514
